#  1: 7FEU_4I6          Job Name (PDBID_LigandID)
#  2: 2022-07-27        PDB Released Date
#  3: 133               Protein Sequence Residues Count
#  4: 676               Elapsed Time (seconds)
#
#  5: 620.03            AF3 Processing Chain Time (seconds)
#  6: 0.029             AF3 Protein Backbone RMSD (Direct) Trial 1 Min (nm)
#  7: 0.027             AF3 Protein Backbone RMSD (MDTraj) Trial 1 Min
#  8: 0.126             AF3 Ligand RMSD (Direct) Trial 1 Min
#  9: 0.121             AF3 Ligand RMSD (MDTraj) Trial 1 Min
# 10: 0.018             AF3 Protein Pocket RMSD (Direct) Trial 1 Min
# 11: 0.018             AF3 Protein Pocket RMSD (MDTraj) Trial 1 Min
# 12: 0.099             AF3 Ligand RMSD (Direct) Trial 2 Min
# 13: 0.090             AF3 Ligand RMSD (MDTraj) Trial 2 Min
#
# 14: 0.47836772        Vina Ligand RMSD (Direct) First Value
# 15: 0.15644638        Vina Ligand RMSD (MDTraj) First Value
# 16: 0.478             Vina Ligand RMSD (Direct) Min
# 17: 0.131             Vina Ligand RMSD (MDTraj) Min
#
# 18: 0.48660886        AF3Pocket-Vina Ligand RMSD (Direct) First Value
# 19: 0.16301315        AF3Pocket-Vina Ligand RMSD (MDTraj) First Value
# 20: 0.487             AF3Pocket-Vina Ligand RMSD (Direct) Min
# 21: 0.108             AF3Pocket-Vina Ligand RMSD (MDTraj) Min
#
# 22: 0.126             AF3 Ligand RMSD (Direct) Trial 1 Min
# 23: 0.121             AF3 Ligand RMSD (MDTraj) Trial 1 Min
# 24: 0.099             AF3 Ligand RMSD (Direct) Trial 2 Min
# 25: 0.09              AF3 Ligand RMSD (MDTraj) Trial 2 Min
7FEU_4I6 2022-07-27 133 676 620.03 0.029 0.027 0.126 0.121 0.018 0.018 0.099 0.090 0.47836772 0.15644638 0.478 0.131 0.48660886 0.16301315 0.487 0.108 0.126 0.121 0.099 0.09
7RHN_QNG 2022-07-27 207 1262 1190.83 0.466 0.312 0.275 0.229 0.034 0.034 0.269 0.229 0.12402087 0.10787452 0.124 0.108 0.15757854 0.14289445 0.158 0.143 0.15757854 0.14289445 0.158 0.143
7RJ2_QNG 2022-07-27 210 1261 1189.77 0.370 0.248 0.249 0.213 0.030 0.030 0.238 0.208 0.14119862 0.13995989 0.141 0.140 0.11897735 0.11712467 0.119 0.117 0.11897735 0.11712467 0.119 0.117
7XBI_CVY 2023-03-29 299 812 739.92 0.151 0.124 0.323 0.283 0.103 0.103 0.162 0.156 0.0979369 0.09133085 0.098 0.091 0.07326926 0.06864752 0.073 0.069 0.07326926 0.06864752 0.073 0.069
8OUT_W3C 2023-07-26 267 959 871.00 0.104 0.100 0.105 0.102 0.053 0.053 0.067 0.062 0.11368383 0.10856986 0.114 0.093 0.06226123 0.04409845 0.062 0.044 0.06226123 0.04409845 0.062 0.044
8GD7_Z5X 2024-06-19 631 775 674.38 0.279 0.214 0.125 0.102 0.058 0.058 0.101 0.079 0.09320677 0.08403528 0.093 0.084 0.09031574 0.08448339 0.090 0.084 0.09031574 0.08448339 0.09 0.079
7DIA_H8O 2021-12-01 1072 867 694.46 0.133 0.110 0.436 0.165 0.065 0.065 0.351 0.071 0.17096134 0.14676906 0.171 0.096 0.17331915 0.14708786 0.173 0.095 0.17331915 0.14708786 0.173 0.071
7FWF_MQF 2023-06-14 130 654 595.81 0.033 0.030 0.091 0.088 0.030 0.030 0.084 0.081 0.06880254 0.06307279 0.069 0.063 0.0691836 0.06454627 0.069 0.060 0.0691836 0.06454627 0.069 0.06
7FXS_TXO 2023-06-14 130 630 573.81 0.027 0.025 0.129 0.128 0.023 0.023 0.100 0.097 0.14048363 0.13885103 0.140 0.094 0.14060815 0.13863795 0.141 0.095 0.129 0.128 0.1 0.095
7G6A_XW2 2024-12-18 809 813 683.45 0.155 0.138 0.123 0.109 0.035 0.035 0.094 0.084 0.33456868 0.32628575 0.104 0.076 0.33243507 0.32339397 0.082 0.034 0.123 0.109 0.082 0.034
7DIA_YMZ 2021-12-01 1072 880 708.18 0.199 0.114 2.544 0.107 0.038 0.038 1.136 0.105 0.7951622 0.13537738 0.655 0.066 2.8187249 0.20398997 2.725 0.039 2.544 0.107 1.136 0.039
8F51_YMZ 2023-02-01 393 747 672.85 0.075 0.045 0.293 0.183 0.054 0.054 0.256 0.169 0.09631196 0.06790216 0.096 0.062 0.10137869 0.06935828 0.101 0.063 0.10137869 0.06935828 0.101 0.063
7MSD_ZMY 2021-10-20 359 736 660.67 0.044 0.039 0.065 0.052 0.034 0.034 0.039 0.022 0.12795627 0.10952204 0.128 0.110 0.12631251 0.10880896 0.126 0.109 0.065 0.052 0.039 0.022
7SNL_9VI 2022-10-05 210 1231 1160.81 0.374 0.258 0.213 0.160 0.030 0.030 0.209 0.156 0.08582353 0.07453219 0.086 0.075 0.08508399 0.07403363 0.085 0.074 0.08508399 0.07403363 0.085 0.074
7XFA_D9J 2022-10-12 138 657 599.65 0.026 0.024 0.030 0.016 0.011 0.011 0.027 0.015 0.67807364 0.20805976 0.181 0.150 0.68983996 0.2087018 0.236 0.209 0.03 0.016 0.027 0.015
8DHF_T6L 2022-08-17 355 742 667.49 0.178 0.115 0.074 0.023 0.217 0.217 0.074 0.023 0.09029971 0.08611424 0.090 0.086 0.08981424 0.08461129 0.090 0.085 0.074 0.023 0.074 0.023
8PAR_XON 2024-06-26 268 829 757.86 0.518 0.490 1.131 0.126 0.170 0.170 0.998 0.126 0.36314586 0.20308033 0.091 0.061 0.16547167 0.14231938 0.165 0.142 0.16547167 0.126 0.165 0.126
7RUI_7QZ 2022-08-24 127 775 673.30 0.045 0.042 0.296 0.285 0.028 0.028 0.291 0.280 0.1382102 0.11303437 0.138 0.113 0.12343796 0.10619636 0.123 0.106 0.12343796 0.10619636 0.123 0.106
8DHG_T78 2022-08-17 359 748 674.18 0.142 0.140 0.126 0.113 0.039 0.039 0.040 0.031 0.07052729 0.06061794 0.071 0.061 0.09126137 0.08410595 0.091 0.084 0.09126137 0.08410595 0.04 0.031
8DHH_TMK 2022-08-17 358 655 579.99 0.083 0.079 0.123 0.113 0.050 0.050 0.037 0.031 0.02697621 0.02053733 0.027 0.021 0.07693336 0.07337105 0.077 0.073 0.07693336 0.07337105 0.037 0.031
7NBW_U7Q 2021-10-06 205 730 671.89 0.137 0.127 0.058 0.028 0.062 0.062 0.050 0.023 0.137772 0.092127 0.138 0.092 0.18692225 0.15226346 0.187 0.152 0.058 0.028 0.05 0.023
7G30_XDB 2024-12-18 804 796 668.78 0.154 0.140 0.813 0.363 0.048 0.048 0.495 0.246 0.02279141 0.02010391 0.023 0.020 0.08598534 0.08491322 0.086 0.085 0.08598534 0.08491322 0.086 0.085
7G2G_XR0 2024-12-18 802 828 701.31 0.147 0.139 0.629 0.306 0.034 0.034 0.620 0.304 0.10025302 0.094529 0.100 0.095 0.07913898 0.07362397 0.079 0.074 0.07913898 0.07362397 0.079 0.074
7G7J_XSB 2024-12-18 805 765 637.37 0.151 0.148 0.132 0.131 0.021 0.021 0.121 0.120 0.09504344 0.08862976 0.095 0.089 0.09225624 0.08931804 0.092 0.089 0.09225624 0.08931804 0.092 0.089
7G2H_XTO 2024-12-18 805 843 715.24 0.162 0.152 0.155 0.135 0.038 0.038 0.155 0.127 0.08528237 0.07204642 0.085 0.072 0.10090807 0.08676607 0.101 0.087 0.10090807 0.08676607 0.101 0.087
7G2I_XTU 2024-12-18 807 829 701.08 0.128 0.118 0.107 0.099 0.039 0.039 0.107 0.099 0.125977 0.12297908 0.126 0.123 0.11867864 0.07822856 0.119 0.078 0.107 0.07822856 0.107 0.078
7G2N_XVW 2024-12-18 805 815 688.50 0.153 0.147 0.564 0.308 0.032 0.032 0.564 0.308 0.0684051 0.05369158 0.068 0.054 0.08051879 0.07364456 0.081 0.074 0.08051879 0.07364456 0.081 0.074
7G7Z_Y1B 2024-12-18 805 860 732.73 0.153 0.139 0.577 0.331 0.039 0.039 0.378 0.233 0.07032277 0.06671919 0.070 0.067 0.08328007 0.07897868 0.083 0.079 0.08328007 0.07897868 0.083 0.079
8FLN_Y7W 2023-03-01 263 761 689.89 0.071 0.068 0.056 0.054 0.046 0.046 0.014 0.011 0.0250051 0.01643856 0.025 0.016 0.03816871 0.03083071 0.038 0.031 0.03816871 0.03083071 0.014 0.011
7G7V_YAW 2024-12-18 805 813 685.81 0.158 0.150 0.138 0.125 0.031 0.031 0.102 0.085 0.4679357 0.33997208 0.100 0.089 0.4745676 0.33645356 0.094 0.088 0.138 0.125 0.094 0.085
7G5V_YFT 2024-12-18 806 801 674.31 0.155 0.149 0.141 0.129 0.032 0.032 0.120 0.112 0.13516192 0.122895 0.135 0.111 0.13478614 0.12529951 0.135 0.125 0.13478614 0.12529951 0.12 0.112
7G4B_YOC 2024-12-18 806 842 714.11 0.150 0.139 0.231 0.179 0.035 0.035 0.178 0.132 0.6579402 0.10637297 0.124 0.048 0.6579327 0.10818872 0.129 0.044 0.231 0.10818872 0.129 0.044
7G2M_YQ5 2024-12-18 804 809 677.69 0.136 0.132 0.067 0.064 0.023 0.023 0.047 0.041 0.05020198 0.04487687 0.050 0.045 0.04446455 0.03642759 0.044 0.036 0.04446455 0.03642759 0.044 0.036
7G59_ZIS 2024-12-18 804 802 674.55 0.131 0.128 1.565 0.196 0.035 0.035 1.565 0.159 0.8055769 0.23010522 0.793 0.135 1.4883068 0.24758518 1.217 0.160 1.4883068 0.196 1.217 0.159
7MSB_ZNG 2021-10-20 359 791 716.80 0.036 0.031 0.031 0.018 0.020 0.020 0.027 0.018 0.0246134 0.01594691 0.025 0.016 0.01386484 0.01027017 0.014 0.010 0.01386484 0.01027017 0.014 0.01
7RN6_046 2021-11-03 274 866 793.50 0.297 0.286 0.051 0.049 0.093 0.093 0.051 0.049 0.14140797 0.10579684 0.141 0.106 0.14498438 0.10086156 0.145 0.101 0.051 0.049 0.051 0.049
7ORZ_0IM 2021-11-03 337 717 642.20 0.095 0.086 1.895 0.116 0.039 0.039 1.873 0.082 0.92485553 0.15851912 0.522 0.110 0.92339087 0.11228363 0.923 0.112 0.92339087 0.11228363 0.923 0.082
7BI2_17G 2022-03-09 1021 875 706.04 1.241 1.185 0.118 0.101 0.065 0.065 0.089 0.059 0.13383259 0.11114487 0.134 0.038 0.13149816 0.10990532 0.131 0.038 0.118 0.101 0.089 0.038
5SAU_1IF 2022-06-29 287 786 713.43 0.214 0.204 0.092 0.068 0.136 0.136 0.083 0.059 0.07417253 0.07060061 0.074 0.071 0.07601181 0.07105696 0.076 0.071 0.07601181 0.068 0.076 0.059
5SAV_1IJ 2022-06-29 291 732 659.31 0.324 0.304 0.085 0.084 0.034 0.034 0.072 0.069 0.06254672 0.05962472 0.063 0.060 0.06451949 0.060991 0.065 0.061 0.06451949 0.060991 0.065 0.061
5SAW_1IM 2022-06-29 291 738 665.69 0.144 0.141 0.080 0.075 0.074 0.074 0.033 0.018 0.03709024 0.01279952 0.037 0.013 0.03779405 0.01336449 0.038 0.013 0.03779405 0.01336449 0.033 0.013
5SAX_1IM 2022-06-29 302 783 707.57 0.250 0.236 0.070 0.058 0.085 0.085 0.029 0.014 0.07309073 0.0690751 0.073 0.069 0.02102904 0.01240218 0.021 0.012 0.02102904 0.01240218 0.021 0.012
5SB0_1IZ 2022-06-29 284 732 660.00 0.192 0.177 0.036 0.031 0.074 0.074 0.036 0.024 0.0715046 0.06075129 0.072 0.061 0.07011572 0.06214703 0.070 0.062 0.036 0.031 0.036 0.024
8GUA_1LT 2022-12-07 855 807 678.00 0.213 0.206 0.099 0.092 0.073 0.073 0.092 0.085 0.150305 0.14696439 0.150 0.121 0.14793092 0.14599092 0.148 0.146 0.099 0.092 0.092 0.085
8GUD_1LT 2022-11-23 835 864 734.42 0.303 0.264 0.102 0.091 0.146 0.146 0.102 0.091 0.10542041 0.09497792 0.105 0.095 0.10750849 0.09642205 0.108 0.096 0.102 0.091 0.102 0.091
8E5C_4WI 2024-02-07 305 701 629.11 0.067 0.060 0.094 0.088 0.053 0.053 0.094 0.088 0.20667207 0.15842988 0.118 0.105 0.20710576 0.15917994 0.119 0.107 0.094 0.088 0.094 0.088
7RH0_5BI 2022-07-13 138 694 635.25 0.024 0.021 0.172 0.093 0.016 0.016 0.171 0.091 0.25218615 0.16805841 0.189 0.143 0.25403234 0.16586931 0.205 0.140 0.172 0.093 0.171 0.091
7P4U_5N9 2022-07-27 204 623 564.21 0.159 0.126 0.111 0.106 0.103 0.103 0.070 0.061 0.15138292 0.13985245 0.092 0.055 0.11461482 0.09023692 0.115 0.090 0.111 0.09023692 0.07 0.061
7P58_5UI 2021-11-17 289 648 576.53 0.047 0.047 0.108 0.107 0.018 0.018 0.086 0.084 0.08801255 0.05404882 0.088 0.054 0.10931303 0.08241586 0.109 0.082 0.108 0.08241586 0.086 0.082
7RKT_5UR 2022-07-27 452 734 656.12 0.102 0.099 0.365 0.236 0.055 0.055 0.356 0.230 0.7676193 0.20847674 0.568 0.199 0.7656769 0.21332279 0.570 0.171 0.365 0.21332279 0.356 0.171
7P5E_5VX 2021-11-17 289 761 688.64 0.046 0.045 0.084 0.082 0.016 0.016 0.024 0.016 0.3077433 0.18137483 0.074 0.045 0.29737586 0.17096221 0.095 0.075 0.084 0.082 0.024 0.016
7RME_5Z3 2021-11-10 306 718 645.16 0.300 0.289 0.066 0.064 0.024 0.024 0.033 0.027 0.08976503 0.06581481 0.090 0.066 0.07982671 0.07142419 0.080 0.071 0.066 0.064 0.033 0.027
7RMZ_5ZJ 2021-11-10 306 715 643.66 0.283 0.278 0.213 0.143 0.051 0.051 0.168 0.101 0.07545471 0.07121669 0.075 0.071 0.0746132 0.07060901 0.075 0.071 0.0746132 0.07060901 0.075 0.071
7PKV_63Z 2022-09-07 345 730 657.17 0.131 0.129 0.077 0.072 0.031 0.031 0.075 0.072 0.08971834 0.08514268 0.090 0.085 0.09664536 0.08984817 0.097 0.090 0.077 0.072 0.075 0.072
7BNJ_657 2022-03-02 349 730 655.89 0.129 0.127 0.399 0.099 0.042 0.042 0.394 0.081 0.19658472 0.11806738 0.114 0.087 0.19684741 0.11798826 0.111 0.084 0.19684741 0.099 0.111 0.081
8D0Q_6CK 2023-05-31 297 677 604.59 0.077 0.069 0.337 0.247 0.033 0.033 0.307 0.234 0.06974037 0.06042805 0.070 0.060 0.07558276 0.0735643 0.076 0.074 0.07558276 0.0735643 0.076 0.074
7WWZ_7OW 2022-06-08 126 645 587.27 0.052 0.039 0.060 0.043 0.023 0.023 0.052 0.041 0.48659822 0.19904703 0.110 0.077 0.4916404 0.1990424 0.110 0.077 0.06 0.043 0.052 0.041
7WX2_7OW 2022-06-08 117 656 596.16 0.075 0.061 0.168 0.166 0.023 0.023 0.167 0.165 0.50228715 0.18044649 0.165 0.070 0.501977 0.18043183 0.167 0.064 0.168 0.166 0.167 0.064
7PK3_7T0 2022-09-07 350 708 634.62 0.138 0.112 0.273 0.117 0.135 0.135 0.075 0.052 0.09739617 0.09115764 0.097 0.091 0.09428496 0.08866203 0.094 0.089 0.09428496 0.08866203 0.075 0.052
7S7A_8FI 2022-09-28 278 821 747.76 0.344 0.223 0.960 0.094 0.332 0.332 0.960 0.094 0.06759632 0.03098151 0.068 0.031 0.06192574 0.04174299 0.062 0.042 0.06192574 0.04174299 0.062 0.042
7S84_8IL 2022-09-28 282 799 724.56 0.338 0.195 0.933 0.154 0.284 0.284 0.932 0.131 0.08583091 0.06708153 0.086 0.067 0.08691011 0.06674545 0.087 0.067 0.08691011 0.06674545 0.087 0.067
7S85_8IQ 2022-09-28 281 805 731.76 0.328 0.215 0.963 0.162 0.337 0.337 0.913 0.142 0.10434584 0.08816168 0.104 0.083 0.1155051 0.10379889 0.116 0.096 0.1155051 0.10379889 0.116 0.096
7S9X_8KF 2022-10-05 269 902 829.48 0.497 0.235 0.671 0.211 0.389 0.389 0.394 0.069 0.08485477 0.08097687 0.085 0.033 0.03030837 0.02282131 0.030 0.023 0.03030837 0.02282131 0.03 0.023
7ADG_8NE 2021-10-06 330 716 644.07 0.018 0.017 0.117 0.088 0.034 0.034 0.117 0.088 0.7262993 0.11309434 0.144 0.080 0.73570883 0.07401925 0.670 0.030 0.117 0.07401925 0.117 0.03
7SED_8VD 2022-02-09 227 647 589.83 0.499 0.481 0.057 0.049 0.026 0.026 0.033 0.026 0.09980086 0.08136597 0.100 0.081 0.07799456 0.06283156 0.078 0.063 0.057 0.049 0.033 0.026
7SEA_8XF 2022-02-09 229 685 626.26 0.142 0.140 0.140 0.090 0.018 0.018 0.097 0.011 0.07002482 0.0059091 0.070 0.006 0.06829423 0.00863042 0.068 0.001 0.06829423 0.00863042 0.068 0.001
7SEB_8XF 2022-02-09 229 639 580.45 0.143 0.141 0.056 0.022 0.019 0.019 0.056 0.022 0.13060494 0.1267178 0.131 0.074 0.1305463 0.12618451 0.131 0.075 0.056 0.022 0.056 0.022
7X5U_9R6 2022-06-01 377 770 694.95 0.178 0.145 0.161 0.100 0.269 0.269 0.134 0.061 0.20879382 0.19079034 0.154 0.142 0.19150345 0.17475551 0.146 0.131 0.161 0.1 0.134 0.061
7X5X_9V4 2022-06-01 381 716 643.10 0.123 0.118 2.985 0.114 0.129 0.129 2.907 0.103 0.0982346 0.06936822 0.098 0.069 3.08963 0.13498114 2.742 0.065 2.985 0.114 2.742 0.065
7X6M_9ZU 2022-06-01 377 647 571.39 0.159 0.127 0.235 0.200 0.262 0.262 0.169 0.135 0.2508657 0.12080028 0.022 0.006 0.265331 0.14590697 0.017 0.009 0.235 0.14590697 0.017 0.009
7SS6_BKB 2023-04-12 243 756 685.27 0.125 0.112 0.229 0.158 0.116 0.116 0.217 0.152 0.22815531 0.20629719 0.075 0.068 0.2310954 0.20730376 0.041 0.026 0.229 0.158 0.041 0.026
7QVZ_FNW 2022-05-04 355 728 655.82 0.084 0.082 0.259 0.127 0.056 0.056 0.257 0.122 0.08770286 0.07888473 0.088 0.079 0.08150777 0.07596088 0.082 0.076 0.08150777 0.07596088 0.082 0.076
8KE2_FX9 2023-11-01 258 730 659.56 0.082 0.061 0.146 0.120 0.074 0.074 0.146 0.085 0.5324499 0.15771924 0.184 0.093 0.5304491 0.16169193 0.286 0.149 0.146 0.12 0.146 0.085
8KE3_FXC 2023-11-01 259 678 609.27 0.073 0.065 0.282 0.122 0.083 0.083 0.270 0.106 0.3098548 0.16205844 0.280 0.079 0.3046482 0.1561795 0.286 0.037 0.282 0.122 0.27 0.037
7QYW_GIJ 2022-09-28 102 748 689.93 0.034 0.032 0.349 0.218 0.016 0.016 0.349 0.218 0.7426852 0.13247156 0.736 0.132 0.74154294 0.13922858 0.734 0.138 0.349 0.13922858 0.349 0.138
7DV0_HML 2022-01-19 231 671 613.38 0.048 0.039 0.701 0.192 0.068 0.068 0.689 0.192 0.72010446 0.20619974 0.082 0.053 0.72227883 0.17722417 0.611 0.089 0.701 0.17722417 0.611 0.089
7TEU_I6C 2023-06-21 276 781 707.92 0.143 0.115 0.076 0.066 0.145 0.145 0.070 0.061 0.18599056 0.09987362 0.186 0.100 0.17409948 0.09289391 0.174 0.093 0.076 0.066 0.07 0.061
7Y4U_I94 2022-11-23 281 745 672.80 0.209 0.187 0.211 0.193 0.053 0.053 0.210 0.193 0.09508713 0.09032314 0.095 0.090 0.0956137 0.0924734 0.096 0.092 0.0956137 0.0924734 0.096 0.092
7Z2I_I9O 2022-05-25 223 640 580.39 0.014 0.014 0.313 0.148 0.014 0.014 0.300 0.138 0.26839843 0.19749996 0.265 0.107 0.7385277 0.17298393 0.277 0.112 0.313 0.148 0.277 0.112
8K62_IAU 2024-07-31 326 736 663.52 0.321 0.270 0.453 0.129 0.443 0.443 0.223 0.114 0.2523138 0.18641546 0.135 0.123 0.25431854 0.17149614 0.117 0.103 0.25431854 0.129 0.117 0.103
8Q0W_IJG 2024-08-07 330 736 663.26 0.017 0.014 0.118 0.116 0.010 0.010 0.105 0.103 1.0102259 0.1723178 0.180 0.147 1.0089937 0.1740798 0.171 0.136 0.118 0.116 0.105 0.103
8Q14_IJS 2024-08-07 330 700 627.22 0.015 0.014 1.036 0.274 0.017 0.016 1.036 0.195 0.51372844 0.2149287 0.514 0.144 0.52819085 0.21038403 0.457 0.195 0.52819085 0.21038403 0.457 0.195
8Q10_IJY 2024-08-07 330 736 664.18 0.021 0.020 0.127 0.125 0.028 0.028 0.077 0.073 0.10788049 0.10124727 0.108 0.101 0.1037025 0.0984126 0.104 0.098 0.1037025 0.0984126 0.077 0.073
8Q13_IK5 2024-08-07 330 727 654.72 0.022 0.018 0.190 0.180 0.026 0.026 0.190 0.180 0.31636882 0.16535509 0.174 0.143 0.32086262 0.16910988 0.171 0.157 0.19 0.16910988 0.171 0.157
8Q0V_IKA 2024-08-07 330 686 613.04 0.016 0.014 0.197 0.174 0.011 0.011 0.197 0.174 1.004651 0.11889698 0.164 0.119 1.0040742 0.10053615 0.111 0.099 0.197 0.10053615 0.111 0.099
8Q0X_IL4 2024-08-07 330 737 664.23 0.019 0.018 0.079 0.076 0.016 0.016 0.079 0.075 1.0091835 0.18352427 0.133 0.120 1.0089856 0.17329273 0.148 0.147 0.079 0.076 0.079 0.075
7ZI3_J98 2023-06-07 230 686 613.81 0.167 0.163 0.241 0.152 0.039 0.039 0.219 0.131 0.1416898 0.13791803 0.142 0.138 0.14282547 0.13827807 0.143 0.138 0.14282547 0.13827807 0.143 0.131
8HUN_KKB 2023-08-09 260 703 631.09 0.090 0.084 0.241 0.189 0.074 0.074 0.229 0.183 0.7424008 0.21404207 0.156 0.138 0.7488522 0.1948352 0.160 0.138 0.241 0.189 0.16 0.138
7GB8_KQL 2023-11-08 304 680 609.27 0.043 0.034 0.078 0.068 0.032 0.032 0.037 0.016 0.0536527 0.02858804 0.054 0.029 0.05218129 0.01700159 0.052 0.017 0.05218129 0.01700159 0.037 0.016
8A27_KY9 2022-10-19 269 795 721.86 0.316 0.214 0.137 0.105 0.280 0.280 0.137 0.105 0.13899237 0.1101454 0.139 0.110 0.13760386 0.10785601 0.138 0.108 0.137 0.105 0.137 0.105
8A2A_KY9 2022-10-19 306 723 650.08 0.791 0.722 2.068 0.137 0.250 0.250 1.473 0.087 0.15871951 0.12189962 0.159 0.122 2.0891464 0.35103223 1.981 0.148 2.068 0.137 1.473 0.087
7GAL_LV4 2024-09-04 115 711 652.97 0.079 0.057 0.629 0.133 0.029 0.029 0.612 0.117 0.59684557 0.09620425 0.593 0.095 0.60689604 0.09652177 0.581 0.095 0.60689604 0.09652177 0.581 0.095
7HKU_LV4 2024-10-30 576 748 653.72 0.274 0.218 2.536 0.131 0.184 0.184 0.341 0.120 0.44120193 0.02405399 0.399 0.024 2.0761738 0.09781952 2.076 0.098 2.0761738 0.09781952 0.341 0.098
7HMA_LV4 2024-11-27 185 704 647.27 0.073 0.063 1.217 0.120 0.043 0.043 1.215 0.114 1.287104 0.11178698 1.195 0.101 1.173629 0.05588777 1.174 0.056 1.173629 0.05588777 1.174 0.056
8AEK_LVL 2022-10-12 327 778 705.65 0.188 0.105 3.016 0.123 0.143 0.143 3.016 0.053 0.07294602 0.0403017 0.073 0.040 3.1378014 0.12523301 3.121 0.074 3.016 0.123 3.016 0.053
8D1C_M4F 2023-03-01 393 679 605.70 0.054 0.044 0.221 0.094 0.071 0.071 0.166 0.094 0.12522402 0.11038104 0.107 0.088 0.10237617 0.08646223 0.102 0.086 0.10237617 0.08646223 0.102 0.086
7U9Y_M4U 2022-04-27 305 766 688.21 0.066 0.065 0.058 0.055 0.018 0.018 0.036 0.031 0.19643992 0.19259757 0.063 0.049 0.19726415 0.19448857 0.060 0.049 0.058 0.055 0.036 0.031
7GDF_M6U 2023-11-08 304 742 671.54 0.041 0.035 0.293 0.190 0.033 0.033 0.059 0.040 0.4461651 0.18453689 0.089 0.081 0.44584224 0.18355969 0.089 0.086 0.293 0.18355969 0.059 0.04
7UKS_NL0 2022-07-27 464 766 689.81 0.427 0.262 0.066 0.059 0.021 0.021 0.065 0.059 0.10467671 0.07867005 0.105 0.079 0.10507904 0.07774249 0.105 0.078 0.066 0.059 0.065 0.059
8HYS_O1O 2023-12-20 381 691 618.43 0.120 0.115 3.161 0.128 0.125 0.125 0.127 0.109 0.14211355 0.13201465 0.142 0.122 3.2311666 0.11146057 3.132 0.111 3.161 0.11146057 0.127 0.109
7GFC_O87 2023-11-08 304 711 639.47 0.193 0.158 0.125 0.108 0.259 0.259 0.112 0.094 0.0419929 0.03814676 0.042 0.038 0.03554175 0.03224748 0.036 0.032 0.03554175 0.03224748 0.036 0.032
7GGC_OTV 2023-11-08 304 709 636.41 0.223 0.176 0.482 0.178 0.280 0.280 0.454 0.174 0.42229867 0.19551218 0.373 0.170 0.4236259 0.21170145 0.375 0.161 0.4236259 0.178 0.375 0.161
8EX2_Q2Q 2023-02-01 273 672 598.07 0.066 0.060 0.119 0.119 0.022 0.022 0.114 0.113 0.1258781 0.12036657 0.126 0.082 0.0478392 0.00678747 0.048 0.007 0.0478392 0.00678747 0.048 0.007
7GAN_RWP 2024-09-04 115 736 679.24 0.072 0.062 2.169 0.093 0.043 0.043 0.427 0.057 0.650393 0.11044544 0.332 0.105 2.3429024 0.12144492 1.953 0.121 2.169 0.093 0.427 0.057
7G9K_S7A 2023-07-26 435 731 658.65 0.059 0.033 1.118 0.098 0.020 0.020 1.118 0.098 0.06259148 0.01803999 0.063 0.018 1.2545403 0.1367691 1.028 0.039 1.118 0.098 1.028 0.039
7B3H_SSW 2021-12-08 343 774 700.94 0.139 0.133 0.225 0.156 0.099 0.099 0.225 0.156 0.11667691 0.06090291 0.117 0.061 0.10619227 0.04362876 0.106 0.044 0.10619227 0.04362876 0.106 0.044
8TZE_T3X 2023-12-06 787 937 807.18 0.343 0.312 0.114 0.074 0.194 0.194 0.104 0.060 0.05835535 0.01768077 0.058 0.018 0.07930291 0.06009853 0.079 0.060 0.07930291 0.06009853 0.079 0.06
8C1M_T4X 2024-01-10 263 792 717.64 0.120 0.069 0.160 0.094 0.027 0.027 0.160 0.093 0.14227068 0.13051301 0.142 0.131 0.10221427 0.07744806 0.102 0.077 0.10221427 0.07744806 0.102 0.077
8C6Q_TU5 2023-05-24 330 678 604.50 0.019 0.012 0.711 0.089 0.016 0.016 0.711 0.012 0.6778401 0.08084731 0.486 0.028 0.6794922 0.07666519 0.671 0.049 0.6794922 0.07666519 0.671 0.012
7H5L_U1H 2024-08-07 330 739 666.58 0.013 0.013 0.173 0.110 0.013 0.013 0.098 0.066 0.1974332 0.05619196 0.137 0.039 0.09078554 0.04412061 0.091 0.036 0.09078554 0.04412061 0.091 0.036
7H5M_U1H 2024-08-07 330 724 653.59 0.015 0.013 0.171 0.111 0.014 0.014 0.095 0.072 0.2416305 0.116074 0.173 0.069 0.2528462 0.11918502 0.221 0.050 0.171 0.111 0.095 0.05
7H5N_U1H 2024-08-07 330 728 652.54 0.033 0.031 0.180 0.111 0.022 0.022 0.106 0.073 0.2481536 0.07875992 0.080 0.047 0.28455028 0.06581397 0.142 0.041 0.18 0.06581397 0.106 0.041
7H5P_U1H 2024-08-07 330 738 666.35 0.023 0.016 0.166 0.109 0.013 0.013 0.091 0.064 0.18863769 0.0744809 0.129 0.060 0.13051103 0.10987535 0.131 0.046 0.13051103 0.109 0.091 0.046
7H5R_U1H 2024-08-07 330 754 682.88 0.028 0.020 0.172 0.111 0.019 0.019 0.094 0.074 0.2650006 0.11710566 0.132 0.065 0.25878003 0.10971534 0.129 0.066 0.172 0.10971534 0.094 0.066
7H5S_U1H 2024-08-07 330 736 663.09 0.031 0.024 0.173 0.111 0.019 0.019 0.096 0.072 0.22145137 0.04847426 0.135 0.038 0.25473565 0.05688634 0.159 0.049 0.173 0.05688634 0.096 0.049
7H5T_U1H 2024-08-07 330 703 631.05 0.035 0.029 0.178 0.111 0.024 0.024 0.102 0.073 0.39431873 0.10936306 0.241 0.040 0.38576746 0.04822658 0.226 0.040 0.178 0.04822658 0.102 0.04
7QLT_U1H 2022-08-17 330 736 665.35 0.027 0.016 0.171 0.111 0.016 0.016 0.094 0.090 0.2382905 0.05067178 0.213 0.051 0.2157878 0.04956546 0.203 0.050 0.171 0.04956546 0.094 0.05
7QM3_U1H 2022-08-17 330 682 608.78 0.038 0.028 1.041 0.127 0.024 0.024 1.016 0.065 0.7899724 0.02058541 0.655 0.021 0.78707474 0.02104713 0.663 0.021 0.78707474 0.02104713 0.663 0.021
7QM4_U1H 2022-08-17 330 774 702.38 0.037 0.028 1.044 0.126 0.024 0.024 1.019 0.068 0.80901456 0.09310175 0.659 0.073 0.81848013 0.08354492 0.815 0.033 0.81848013 0.08354492 0.815 0.033
7NGR_U9Z 2022-02-23 193 657 599.41 0.036 0.029 0.783 0.115 0.015 0.015 0.782 0.114 0.0916454 0.08124404 0.092 0.062 0.10818052 0.08322954 0.108 0.017 0.10818052 0.08322954 0.108 0.017
8E5Q_UMI 2023-07-26 241 720 651.86 0.162 0.154 0.784 0.370 0.046 0.046 0.782 0.363 0.85441875 0.29058543 0.098 0.091 0.8570343 0.28929183 0.107 0.101 0.784 0.28929183 0.107 0.101
8E9F_UY9 2023-01-11 305 785 711.63 0.065 0.064 0.043 0.039 0.016 0.016 0.043 0.039 0.05340198 0.04536942 0.053 0.045 0.0480647 0.04104914 0.048 0.041 0.043 0.039 0.043 0.039
8CM2_V1X 2024-02-28 460 741 665.97 0.103 0.101 0.329 0.120 0.042 0.042 0.329 0.055 0.7981422 0.08075736 0.562 0.081 0.79767734 0.08465616 0.595 0.085 0.329 0.08465616 0.329 0.055
8JUC_V23 2024-02-28 152 592 535.55 0.054 0.050 2.719 0.084 0.037 0.037 2.716 0.028 0.5644299 0.09311333 0.133 0.091 2.2431278 0.10640581 2.243 0.030 2.2431278 0.084 2.243 0.028
8CKT_V2F 2024-02-28 461 706 627.86 0.138 0.133 0.688 0.097 0.094 0.094 0.148 0.082 1.0053279 0.11488051 0.691 0.115 0.7148852 0.1377382 0.678 0.114 0.688 0.097 0.148 0.082
8U37_V5U 2024-01-24 320 729 655.27 0.351 0.328 0.061 0.055 0.095 0.093 0.061 0.029 0.05210864 0.04000266 0.052 0.040 0.05393042 0.04020215 0.054 0.040 0.05393042 0.04020215 0.054 0.029
8UAK_W39 2024-01-24 319 747 674.91 1.423 1.299 0.163 0.124 0.109 0.109 0.129 0.088 0.50332355 0.25597993 0.042 0.028 0.49657866 0.2563212 0.048 0.030 0.163 0.124 0.048 0.03
8OUS_W3I 2023-07-26 265 983 882.30 0.120 0.110 0.074 0.060 0.091 0.091 0.069 0.060 0.48620898 0.25444216 0.025 0.015 0.49073407 0.2553752 0.036 0.027 0.074 0.06 0.036 0.027
8WFK_W5O 2024-04-03 546 732 637.36 0.169 0.155 0.128 0.090 0.072 0.072 0.128 0.083 0.28580076 0.25887722 0.182 0.126 0.28303438 0.25839096 0.183 0.134 0.128 0.09 0.128 0.083
8WHP_WI0 2024-09-25 381 684 605.84 0.149 0.131 0.075 0.049 0.221 0.221 0.060 0.042 0.05932297 0.03563773 0.059 0.036 0.04849559 0.03546467 0.048 0.035 0.04849559 0.03546467 0.048 0.035
8UFW_WJN 2024-12-18 260 697 625.07 0.088 0.086 0.527 0.162 0.016 0.016 0.443 0.162 0.97721034 0.12737326 0.090 0.080 0.98041284 0.12800282 0.138 0.101 0.527 0.12800282 0.138 0.101
8UFX_WJN 2024-12-18 258 753 681.95 0.043 0.042 0.480 0.176 0.007 0.007 0.471 0.154 0.97389835 0.15158466 0.135 0.083 0.9785875 0.10851513 0.208 0.109 0.48 0.10851513 0.208 0.109
8QTJ_WUI 2024-01-10 384 757 683.84 0.467 0.462 1.088 0.239 0.164 0.164 0.921 0.184 0.0478625 0.03232588 0.048 0.032 0.03800441 0.02471816 0.038 0.025 0.03800441 0.02471816 0.038 0.025
8QTG_WUQ 2024-01-10 384 740 667.87 0.510 0.484 2.759 0.223 0.207 0.207 0.736 0.190 0.03678517 0.01703495 0.037 0.017 2.4094305 0.29063174 2.327 0.213 2.4094305 0.223 0.736 0.19
8QTH_WX0 2024-01-10 386 717 642.52 0.509 0.490 1.929 0.206 0.216 0.216 1.574 0.206 0.02359161 0.00991253 0.024 0.010 2.1892676 0.12973782 1.729 0.130 1.929 0.12973782 1.574 0.13
8QTK_WX9 2024-01-24 384 749 672.46 2.034 1.997 1.518 0.088 1.606 1.606 0.954 0.088 0.02236175 0.0135961 0.022 0.014 0.13834263 0.0967164 0.138 0.097 0.13834263 0.088 0.138 0.088
7G5W_XG6 2024-12-18 806 791 663.87 0.131 0.123 0.195 0.188 0.031 0.031 0.143 0.137 0.91731715 0.24506511 0.116 0.099 0.9189613 0.23234753 0.120 0.100 0.195 0.188 0.12 0.1
7G46_XGW 2024-12-18 806 830 703.66 0.154 0.147 0.323 0.239 0.030 0.030 0.308 0.224 0.08256368 0.03279598 0.083 0.033 0.07569546 0.03071221 0.076 0.031 0.07569546 0.03071221 0.076 0.031
7G2Y_XH0 2024-12-18 804 785 659.23 0.151 0.147 0.147 0.142 0.029 0.029 0.097 0.091 0.06995989 0.06712189 0.070 0.067 0.06775539 0.06387943 0.068 0.064 0.06775539 0.06387943 0.068 0.064
8F82_XJT 2023-12-13 163 667 609.46 0.063 0.055 0.179 0.128 0.047 0.047 0.177 0.127 0.6806938 0.30825695 0.383 0.239 0.68004334 0.3056842 0.386 0.238 0.179 0.128 0.177 0.127
8F83_XJZ 2023-12-13 160 598 541.14 0.105 0.103 0.104 0.074 0.067 0.067 0.098 0.073 0.3974669 0.2863138 0.122 0.107 0.38794425 0.276192 0.125 0.116 0.104 0.074 0.098 0.073
8F85_XKI 2023-12-13 163 726 667.50 0.051 0.046 0.074 0.062 0.046 0.046 0.073 0.061 0.58284324 0.3531503 0.571 0.212 0.09110892 0.08738381 0.091 0.087 0.074 0.062 0.073 0.061
8F9Z_XKW 2023-01-11 339 745 674.07 0.095 0.086 0.270 0.151 0.029 0.029 0.228 0.117 0.34754428 0.18478148 0.249 0.172 0.33170578 0.19293863 0.249 0.145 0.27 0.151 0.228 0.117
7G7Y_XLE 2024-12-18 805 807 678.88 0.161 0.152 0.610 0.286 0.035 0.034 0.600 0.276 0.10097634 0.09757423 0.101 0.098 0.10424619 0.10003602 0.104 0.100 0.10424619 0.10003602 0.104 0.1
7G2F_XQW 2024-12-18 805 783 656.42 0.153 0.147 0.120 0.104 0.033 0.033 0.118 0.104 0.10188634 0.09797507 0.102 0.098 0.10545601 0.09894944 0.105 0.099 0.10545601 0.09894944 0.105 0.099
7G7H_XR6 2024-12-18 805 802 674.49 0.156 0.149 0.036 0.032 0.033 0.033 0.031 0.030 0.44211122 0.41017652 0.097 0.080 0.4395706 0.40886346 0.092 0.080 0.036 0.032 0.031 0.03
7G32_XRN 2024-12-18 806 806 678.23 0.144 0.139 0.410 0.268 0.028 0.028 0.410 0.268 0.12108429 0.11148368 0.099 0.086 0.12082952 0.1135508 0.121 0.114 0.12082952 0.1135508 0.121 0.114
7G78_XSF 2024-12-18 804 824 694.83 0.134 0.123 0.104 0.098 0.027 0.027 0.062 0.055 0.09243522 0.08265423 0.092 0.083 0.08811133 0.07954545 0.088 0.080 0.08811133 0.07954545 0.062 0.055
7G5C_XSK 2024-12-18 804 830 701.15 0.161 0.148 0.133 0.109 0.037 0.037 0.133 0.109 0.12237782 0.11021193 0.122 0.110 0.1277938 0.11347373 0.128 0.113 0.1277938 0.109 0.128 0.109
7G7B_XUT 2024-12-18 805 828 700.46 0.149 0.145 0.087 0.085 0.023 0.023 0.079 0.077 0.09811244 0.09116908 0.098 0.091 0.09794497 0.09068253 0.098 0.091 0.087 0.085 0.079 0.077
8FH5_XXQ 2023-12-20 315 734 661.50 0.050 0.042 0.061 0.059 0.035 0.035 0.019 0.012 0.03511612 0.02921538 0.035 0.029 0.06240188 0.05955513 0.062 0.060 0.061 0.059 0.019 0.012
8FH9_XYK 2023-12-20 315 662 587.84 0.068 0.057 0.025 0.015 0.049 0.049 0.025 0.015 0.06511229 0.06189957 0.065 0.062 0.08334936 0.08003686 0.083 0.080 0.025 0.015 0.025 0.015
7G7X_Y1Q 2024-12-18 805 831 702.82 0.159 0.150 0.122 0.118 0.036 0.036 0.068 0.062 0.45102504 0.3890553 0.099 0.086 0.45842555 0.39092305 0.100 0.084 0.122 0.118 0.068 0.062
7G75_Y2Z 2024-12-18 805 841 713.98 0.146 0.144 0.079 0.074 0.034 0.034 0.061 0.057 0.06605953 0.05915469 0.066 0.059 0.09445662 0.08703026 0.094 0.087 0.079 0.074 0.061 0.057
7G55_Y68 2024-12-18 804 824 697.23 0.162 0.150 0.602 0.223 0.053 0.053 0.602 0.195 0.10211577 0.08908905 0.102 0.089 0.04947103 0.037664 0.049 0.038 0.04947103 0.037664 0.049 0.038
7G7P_Y7X 2024-12-18 802 823 695.92 0.178 0.149 0.101 0.087 0.036 0.036 0.076 0.072 0.16051482 0.14555414 0.161 0.092 0.15454595 0.14861007 0.155 0.064 0.101 0.087 0.076 0.064
7UE5_Y88 2023-03-29 352 763 689.88 0.349 0.237 2.581 0.034 0.173 0.173 2.534 0.034 0.47671613 0.25281844 0.477 0.184 2.4261158 0.15915397 2.154 0.135 2.4261158 0.034 2.154 0.034
7G7E_Y8K 2024-12-18 805 866 737.03 0.147 0.144 0.156 0.155 0.022 0.022 0.141 0.139 0.10685448 0.1015771 0.107 0.102 0.10655224 0.09983996 0.107 0.100 0.10655224 0.09983996 0.107 0.1
7G5Q_Y8Q 2024-12-18 806 831 702.38 0.166 0.140 0.635 0.549 0.050 0.050 0.590 0.446 0.10392443 0.09952342 0.104 0.100 0.13937265 0.13297534 0.139 0.133 0.13937265 0.13297534 0.139 0.133
7G5P_Y8Z 2024-12-18 806 812 683.42 0.142 0.132 0.775 0.252 0.038 0.038 0.153 0.132 0.15288001 0.1365439 0.153 0.095 0.14945804 0.09536622 0.143 0.095 0.14945804 0.09536622 0.143 0.095
7UE5_Y99 2023-03-29 352 723 649.45 0.309 0.209 2.539 0.131 0.145 0.145 2.515 0.116 1.2263072 0.23696242 0.422 0.179 2.4312594 0.14335491 2.410 0.131 2.4312594 0.131 2.41 0.116
7G4D_Y9C 2024-12-18 808 831 703.94 0.167 0.153 0.114 0.095 0.043 0.043 0.093 0.087 0.11027203 0.08782519 0.110 0.088 0.10575031 0.08830319 0.106 0.088 0.10575031 0.08830319 0.093 0.087
7G6K_Y9L 2024-12-18 805 831 702.68 0.153 0.141 0.126 0.101 0.035 0.035 0.126 0.101 0.12082722 0.10865315 0.121 0.060 0.10431509 0.09016979 0.104 0.058 0.10431509 0.09016979 0.104 0.058
7G4N_Y9S 2024-12-18 806 807 678.77 0.145 0.140 0.131 0.125 0.027 0.027 0.095 0.085 0.0771947 0.06821852 0.077 0.068 0.074312 0.0678613 0.074 0.068 0.074312 0.0678613 0.074 0.068
7G7W_YAI 2024-12-18 805 803 676.85 0.163 0.153 0.335 0.255 0.037 0.037 0.335 0.252 0.1868143 0.09811092 0.187 0.098 0.19282357 0.11199212 0.193 0.112 0.19282357 0.11199212 0.193 0.112
7G65_YBB 2024-12-18 804 805 677.94 0.136 0.124 0.204 0.138 0.031 0.031 0.094 0.035 0.09449773 0.08108671 0.094 0.081 0.09619773 0.08342378 0.096 0.083 0.09619773 0.08342378 0.094 0.035
8X5C_YCZ 2024-11-20 381 768 694.42 0.120 0.115 0.092 0.072 0.082 0.082 0.081 0.070 0.09075055 0.07722209 0.091 0.077 0.09652471 0.07338478 0.097 0.073 0.092 0.072 0.081 0.07
7G4Y_YDE 2024-12-18 806 813 684.98 0.142 0.139 0.165 0.134 0.030 0.030 0.149 0.111 0.11079279 0.10652144 0.111 0.107 0.12561797 0.12358107 0.126 0.124 0.12561797 0.12358107 0.126 0.111
7G5H_YDN 2024-12-18 804 775 648.98 0.170 0.149 0.168 0.149 0.038 0.038 0.161 0.131 0.14014535 0.11146485 0.095 0.078 0.1520001 0.12212958 0.141 0.103 0.1520001 0.12212958 0.141 0.103
7G64_YDV 2024-12-18 805 807 680.27 0.154 0.149 0.157 0.124 0.030 0.030 0.133 0.079 0.10488625 0.08966342 0.105 0.066 0.10977373 0.09068692 0.110 0.091 0.10977373 0.09068692 0.11 0.079
7G5U_YG2 2024-12-18 806 815 686.41 0.156 0.150 0.128 0.077 0.033 0.033 0.128 0.077 0.12865339 0.11737958 0.129 0.117 0.13844685 0.12751548 0.138 0.128 0.128 0.077 0.128 0.077
8PFL_YH8 2024-04-24 422 783 694.81 2.129 1.598 1.921 0.244 0.695 0.695 1.654 0.144 0.06650454 0.06249809 0.067 0.062 1.4903913 0.2307007 1.490 0.187 1.4903913 0.2307007 1.49 0.144
8PFO_YHC 2024-04-24 419 736 659.19 2.133 1.594 2.069 0.126 0.706 0.706 2.013 0.121 0.10954162 0.10750374 0.110 0.108 1.4871615 0.22496471 1.487 0.173 1.4871615 0.126 1.487 0.121
7G4H_YNB 2024-12-18 806 828 695.80 0.150 0.135 0.244 0.175 0.034 0.034 0.204 0.140 0.2143709 0.13769512 0.086 0.074 0.19304398 0.10297938 0.077 0.067 0.19304398 0.10297938 0.077 0.067
7G4F_YNX 2024-12-18 805 831 702.91 0.149 0.134 0.158 0.136 0.033 0.033 0.140 0.116 0.09225377 0.08536999 0.092 0.085 0.09905828 0.06909928 0.099 0.069 0.09905828 0.06909928 0.099 0.069
7G40_YPI 2024-12-18 804 818 690.92 0.141 0.137 0.133 0.101 0.041 0.041 0.133 0.101 0.40824026 0.29424345 0.135 0.112 0.40727434 0.29149586 0.087 0.080 0.133 0.101 0.087 0.08
7G4L_YPO 2024-12-18 803 822 694.12 0.144 0.128 0.088 0.063 0.031 0.031 0.084 0.062 0.9283591 0.14157893 0.652 0.142 0.92674524 0.15230681 0.641 0.152 0.088 0.063 0.084 0.062
7G5R_YQ9 2024-12-18 806 809 683.09 0.152 0.140 0.150 0.105 0.045 0.045 0.150 0.105 0.23419455 0.16003883 0.063 0.059 0.23479736 0.16204403 0.054 0.037 0.15 0.105 0.054 0.037
5S9N_YVS 2022-04-13 808 844 715.71 0.138 0.130 0.134 0.110 0.035 0.035 0.092 0.071 0.13674255 0.12550342 0.096 0.095 0.13354723 0.12294357 0.134 0.123 0.13354723 0.11 0.092 0.071
8GCY_Z3N 2023-03-22 376 746 671.63 1.885 1.742 2.068 0.251 1.151 1.151 1.010 0.171 0.06307784 0.05993882 0.063 0.060 1.4386842 0.23889364 0.770 0.175 1.4386842 0.23889364 0.77 0.171
8QNH_Z3N 2023-11-22 384 734 598.11 2.033 1.986 1.572 0.132 1.578 1.578 1.152 0.132 0.068212 0.06367177 0.068 0.064 1.785251 0.29186574 1.460 0.257 1.572 0.132 1.152 0.132
8GFU_ZGW 2023-07-12 302 715 645.71 0.091 0.075 0.089 0.084 0.025 0.025 0.037 0.025 0.07379315 0.07132938 0.074 0.071 0.07749242 0.07334033 0.077 0.073 0.07749242 0.07334033 0.037 0.025
7G5C_ZIB 2024-12-18 804 837 710.22 0.164 0.150 0.175 0.152 0.038 0.038 0.145 0.111 0.15000956 0.14033128 0.150 0.115 0.17744283 0.16502479 0.177 0.165 0.175 0.152 0.145 0.111
7FVJ_ZOK 2023-03-29 120 673 616.62 0.048 0.029 0.128 0.114 0.029 0.029 0.128 0.114 0.4662505 0.11280056 0.252 0.113 0.47150263 0.11844684 0.244 0.066 0.128 0.114 0.128 0.066
7GA0_ZVE 2023-07-26 435 717 644.56 0.127 0.049 2.993 0.139 0.020 0.020 2.853 0.100 0.5917881 0.10572959 0.262 0.056 2.799751 0.04408564 2.770 0.044 2.799751 0.04408564 2.77 0.044
8QVK_6N0 2024-08-14 546 763 662.26 0.181 0.101 0.883 0.105 0.042 0.042 0.872 0.105 0.02169241 0.003753 0.022 0.004 0.02436513 0.00852424 0.024 0.009 0.02436513 0.00852424 0.024 0.009
7TSD_K7U 2022-07-13 415 757 683.62 0.074 0.072 0.612 0.124 0.016 0.016 0.600 0.122 0.6938086 0.10427009 0.671 0.104 0.7046192 0.09455451 0.653 0.095 0.612 0.09455451 0.6 0.095
7TSE_K8F 2022-07-13 411 688 614.01 0.134 0.131 0.626 0.115 0.015 0.015 0.607 0.107 0.6959052 0.09359939 0.696 0.094 1.0047132 0.13458213 0.696 0.098 0.626 0.115 0.607 0.098
8G9D_KDJ 2024-01-03 135 580 521.90 0.036 0.035 0.600 0.194 0.033 0.033 0.600 0.174 0.11777347 0.11231919 0.118 0.112 0.12843652 0.11546214 0.128 0.115 0.12843652 0.11546214 0.128 0.115
7GBQ_KYU 2023-11-08 304 736 665.56 0.051 0.044 0.031 0.011 0.037 0.037 0.027 0.010 0.1615286 0.10632766 0.162 0.106 0.15770006 0.10549587 0.158 0.105 0.031 0.011 0.027 0.01
7UAN_M5L 2022-07-13 412 712 636.91 0.132 0.129 0.718 0.167 0.017 0.017 0.641 0.108 0.7166672 0.14548315 0.717 0.145 0.72101974 0.14614226 0.674 0.090 0.718 0.14614226 0.641 0.09
8AQF_NUX 2023-08-23 289 697 624.46 0.065 0.043 0.077 0.068 0.045 0.045 0.055 0.044 0.15861695 0.09587823 0.135 0.093 0.15837859 0.09163479 0.158 0.092 0.077 0.068 0.055 0.044
7FX2_QJQ 2023-06-14 130 726 666.02 0.035 0.030 0.088 0.083 0.031 0.031 0.065 0.061 0.08239064 0.06879288 0.082 0.069 0.08551365 0.06966809 0.086 0.063 0.08551365 0.06966809 0.065 0.061
8BT0_RGO 2022-12-14 353 728 655.24 0.110 0.106 0.093 0.089 0.058 0.058 0.030 0.011 0.04494183 0. 0.045 0.000 0.03746721 0. 0.037 0.000 0.03746721 0.0 0.03 0.0
8IQN_SRF 2024-03-27 254 689 618.61 0.032 0.032 0.016 0.012 0.012 0.012 0.016 0.012 0.10591903 0.06863693 0.106 0.069 0.11601158 0.1028678 0.116 0.073 0.016 0.012 0.016 0.012
8C0R_SXL 2023-03-08 260 742 669.69 0.090 0.089 0.027 0.016 0.011 0.011 0.027 0.016 0.19157436 0.1847779 0.060 0.021 0.19107212 0.18500902 0.058 0.015 0.027 0.016 0.027 0.015
7G31_XEX 2024-12-18 807 818 692.16 0.144 0.131 0.085 0.078 0.036 0.036 0.035 0.028 0.06124097 0.04546414 0.061 0.045 0.05522003 0.04284583 0.055 0.043 0.05522003 0.04284583 0.035 0.028
8V2T_XLR 2023-12-06 191 733 673.05 0.032 0.030 0.100 0.091 0.013 0.013 0.088 0.078 0.5171006 0.23031898 0.517 0.120 0.58075815 0.17214058 0.526 0.124 0.1 0.091 0.088 0.078
8G9C_YUT 2024-01-03 134 678 621.67 0.041 0.040 0.747 0.142 0.018 0.018 0.674 0.142 0.5875744 0.15232714 0.510 0.148 0.5830797 0.15575469 0.514 0.126 0.5830797 0.142 0.514 0.126
8G9E_YUT 2024-01-03 318 623 550.25 0.033 0.029 0.122 0.116 0.032 0.032 0.109 0.095 0.69048166 0.24359816 0.250 0.152 0.70205075 0.25356543 0.255 0.165 0.122 0.116 0.109 0.095
