#  1: 3RZ7_RZ7          Job Name (PDBID_LigandID)
#  2: 2011-08-10        PDB Released Date
#  3: 257               Protein Sequence Residues Count
#  4: 689               Elapsed Time (seconds)
#
#  5: 607.95            AF3 Processing Chain Time (seconds)
#  6: 0.025             AF3 Protein Backbone RMSD (Direct) Trial 1 Min (nm)
#  7: 0.023             AF3 Protein Backbone RMSD (MDTraj) Trial 1 Min
#  8: 0.059             AF3 Ligand RMSD (Direct) Trial 1 Min
#  9: 0.038             AF3 Ligand RMSD (MDTraj) Trial 1 Min
# 10: 0.012             AF3 Protein Pocket RMSD (Direct) Trial 1 Min
# 11: 0.012             AF3 Protein Pocket RMSD (MDTraj) Trial 1 Min
# 12: 0.025             AF3 Ligand RMSD (Direct) Trial 2 Min
# 13: 0.019             AF3 Ligand RMSD (MDTraj) Trial 2 Min
#
# 14: 0.6443533         Vina Ligand RMSD (Direct) First Value
# 15: 0.19578077        Vina Ligand RMSD (MDTraj) First Value
# 16: 0.055             Vina Ligand RMSD (Direct) Min
# 17: 0.025             Vina Ligand RMSD (MDTraj) Min
#
# 18: 0.6478309         AF3Pocket-Vina Ligand RMSD (Direct) First Value
# 19: 0.17397355        AF3Pocket-Vina Ligand RMSD (MDTraj) First Value
# 20: 0.139             AF3Pocket-Vina Ligand RMSD (Direct) Min
# 21: 0.116             AF3Pocket-Vina Ligand RMSD (MDTraj) Min
#
# 22: 0.059             AF3 Ligand RMSD (Direct) Trial 1 Min
# 23: 0.038             AF3 Ligand RMSD (MDTraj) Trial 1 Min
# 24: 0.025             AF3 Ligand RMSD (Direct) Trial 2 Min
# 25: 0.019             AF3 Ligand RMSD (MDTraj) Trial 2 Min
3RZ7_RZ7 2011-08-10 257 689 607.95 0.025 0.023 0.059 0.038 0.012 0.012 0.025 0.019 0.6443533 0.19578077 0.055 0.025 0.6478309 0.17397355 0.139 0.116 0.059 0.038 0.025 0.019
4EWS_0RP 2012-09-05 472 759 667.47 0.187 0.173 0.086 0.079 0.038 0.038 0.060 0.052 0.10077333 0.09801383 0.101 0.098 0.10720853 0.10550227 0.107 0.106 0.086 0.079 0.06 0.052
1UPV_444 2004-10-20 232 688 618.14 1.074 0.985 0.201 0.191 0.067 0.067 0.148 0.127 0.4074854 0.15095069 0.156 0.101 0.40117183 0.2171859 0.139 0.127 0.201 0.191 0.139 0.127
1UPW_444 2004-10-20 232 755 684.57 1.075 0.983 0.201 0.191 0.062 0.062 0.149 0.127 0.40293527 0.20179266 0.234 0.131 0.40289488 0.20166768 0.231 0.103 0.201 0.191 0.149 0.103
6RZX_KPQ 2020-06-03 258 674 601.44 0.017 0.017 0.029 0.021 0.010 0.010 0.024 0.016 0.0751122 0.04158577 0.075 0.030 0.08143375 0.0522791 0.081 0.028 0.029 0.021 0.024 0.016
2HVC_LGD 2007-07-31 250 741 671.14 0.052 0.045 0.313 0.301 0.027 0.027 0.096 0.091 0.28602904 0.2755283 0.143 0.132 0.27557227 0.26477903 0.119 0.109 0.27557227 0.26477903 0.096 0.091
3RZ1_RZ1 2011-08-10 257 700 625.13 0.021 0.019 0.098 0.093 0.010 0.010 0.026 0.022 0.5736071 0.19703029 0.146 0.118 0.59803635 0.17890699 0.124 0.114 0.098 0.093 0.026 0.022
7JYM_Z8I 2020-11-25 253 712 640.68 0.263 0.255 0.074 0.056 0.150 0.150 0.074 0.039 0.11486246 0.10045948 0.115 0.100 0.11932288 0.10282037 0.119 0.103 0.074 0.056 0.074 0.039
4OQV_2V6 2014-06-04 353 760 686.26 0.048 0.043 0.084 0.082 0.046 0.046 0.017 0.014 0.8605454 0.18098928 0.106 0.101 0.86004573 0.18150066 0.108 0.103 0.084 0.082 0.017 0.014
4ORI_2V6 2014-06-04 355 739 666.14 0.191 0.185 0.035 0.018 0.037 0.037 0.035 0.018 0.7907498 0.11948921 0.224 0.119 0.7890787 0.13261954 0.219 0.113 0.035 0.018 0.035 0.018
4ORM_2V6 2014-06-04 375 725 651.19 0.060 0.048 0.183 0.180 0.032 0.032 0.164 0.161 0.03860823 0.015151 0.039 0.015 0.08029965 0.07289898 0.080 0.073 0.08029965 0.07289898 0.08 0.073
3B67_B67 2008-09-09 247 694 623.65 0.026 0.025 0.203 0.200 0.023 0.023 0.053 0.042 0.07877585 0.06731112 0.079 0.067 0.06310785 0.05580042 0.063 0.056 0.06310785 0.05580042 0.053 0.042
6VQF_R7V 2020-04-08 252 715 643.98 0.365 0.352 0.079 0.074 0.182 0.182 0.079 0.074 0.04534701 0.01044308 0.045 0.010 0.09145543 0.06269501 0.091 0.063 0.079 0.06269501 0.079 0.063
7JTM_VK7 2020-09-16 253 697 625.92 0.384 0.363 0.106 0.094 0.229 0.229 0.106 0.094 0.27695316 0.19484828 0.083 0.073 0.12581624 0.11555023 0.126 0.116 0.106 0.094 0.106 0.094
7LUK_YDY 2021-05-12 253 661 589.71 0.462 0.454 0.132 0.088 0.220 0.220 0.129 0.088 0.12300412 0.10403901 0.123 0.104 0.13218759 0.11641182 0.132 0.116 0.132 0.088 0.129 0.088
4F2A_0SF 2012-09-05 472 737 662.37 0.211 0.190 0.256 0.161 0.058 0.058 0.256 0.160 0.8749898 0.36549842 0.875 0.169 0.88585246 0.36157772 0.611 0.176 0.256 0.161 0.256 0.16
7RYX_81H 2021-09-08 528 809 711.31 0.058 0.048 0.092 0.085 0.030 0.030 0.048 0.028 0.35453495 0.1999012 0.249 0.150 0.3538412 0.19614664 0.255 0.150 0.092 0.085 0.048 0.028
4RX0_D65 2015-07-29 367 715 641.71 0.134 0.120 0.044 0.039 0.077 0.077 0.039 0.033 0.1002649 0.09247485 0.100 0.092 0.08954545 0.08075607 0.090 0.081 0.044 0.039 0.039 0.033
3W0Y_DS4 2013-11-13 250 621 549.66 0.079 0.078 0.090 0.063 0.025 0.025 0.074 0.040 0.15721992 0.15174519 0.157 0.152 0.16046865 0.15461515 0.111 0.110 0.09 0.063 0.074 0.04
6E59_L76 2018-12-12 479 791 695.37 0.248 0.162 0.366 0.286 0.130 0.130 0.363 0.286 0.20489016 0.17617293 0.125 0.110 0.32464683 0.30587795 0.127 0.109 0.32464683 0.286 0.127 0.109
3RYZ_RYZ 2011-08-10 258 728 652.73 0.030 0.028 0.066 0.065 0.011 0.011 0.065 0.065 0.50767314 0.15928999 0.150 0.130 0.5077595 0.16089109 0.140 0.125 0.066 0.065 0.065 0.065
5UL0_VT1 2017-02-15 528 787 690.61 0.055 0.045 0.102 0.078 0.025 0.025 0.102 0.078 0.3538188 0.20909892 0.229 0.119 0.35376602 0.20068428 0.295 0.189 0.102 0.078 0.102 0.078
1ELE_0QN 1995-02-14 240 700 629.67 0.027 0.025 0.113 0.108 0.017 0.017 0.093 0.087 0.12554468 0.11049809 0.126 0.072 0.06890645 0.0519949 0.069 0.052 0.06890645 0.0519949 0.069 0.052
4G2I_0VQ 2012-09-26 253 733 661.80 0.035 0.034 0.064 0.058 0.012 0.012 0.061 0.057 0.09310331 0.08660337 0.093 0.087 0.09622619 0.08851012 0.096 0.089 0.064 0.058 0.061 0.057
1ELD_0Z0 1995-02-14 240 685 613.15 0.022 0.020 0.138 0.119 0.013 0.013 0.118 0.099 0.12661336 0.11803743 0.127 0.118 0.13126794 0.12142549 0.131 0.121 0.13126794 0.119 0.118 0.099
7EST_0Z2 1991-10-15 238 703 631.60 0.045 0.041 0.098 0.094 0.040 0.040 0.098 0.094 0.3447383 0.15382218 0.210 0.154 0.30093685 0.1621972 0.301 0.162 0.098 0.094 0.098 0.094
2EST_2Z5 1986-05-07 238 634 562.66 0.041 0.038 0.113 0.109 0.041 0.041 0.097 0.093 0.43970793 0.22117864 0.252 0.151 0.2812233 0.16009064 0.281 0.160 0.113 0.109 0.097 0.093
3QGI_33F 2011-04-20 561 762 664.95 0.201 0.190 3.116 0.376 0.275 0.275 1.156 0.226 0.0963672 0.09602147 0.096 0.096 3.0287118 0.42248586 3.029 0.355 3.0287118 0.376 1.156 0.226
3NEW_3NE 2010-12-01 334 977 903.76 0.110 0.103 0.113 0.089 0.035 0.035 0.104 0.088 0.12731302 0.10694975 0.127 0.020 0.13061117 0.10859447 0.131 0.067 0.113 0.089 0.104 0.067
3QGH_63F 2011-04-20 559 755 658.79 0.167 0.153 0.283 0.188 0.268 0.268 0.283 0.188 0.09591581 0.09513791 0.096 0.095 0.1458054 0.13289987 0.146 0.133 0.1458054 0.13289987 0.146 0.133
3W0C_6DS 2013-11-13 250 699 629.61 0.075 0.073 0.158 0.156 0.015 0.015 0.154 0.152 0.08165442 0.06925026 0.082 0.069 0.10577051 0.09874201 0.106 0.099 0.10577051 0.09874201 0.106 0.099
5OHI_9V8 2018-01-03 778 754 625.69 0.360 0.353 0.298 0.296 0.031 0.031 0.114 0.109 0.5676652 0.16149417 0.077 0.075 0.28844747 0.28671455 0.100 0.097 0.28844747 0.28671455 0.1 0.097
3HVN_CFH 2010-03-02 466 735 661.85 0.385 0.193 2.265 0.063 0.228 0.228 0.231 0.063 0.36318088 0.05632256 0.306 0.013 2.283476 0.02786103 2.271 0.028 2.265 0.02786103 0.231 0.028
3W0A_DS5 2013-11-13 250 764 693.24 0.074 0.072 0.074 0.070 0.015 0.015 0.023 0.013 0.17366259 0.16517235 0.112 0.101 0.1898357 0.18109573 0.081 0.066 0.074 0.07 0.023 0.013
5YAS_FAC 1999-10-13 256 734 662.08 0.025 0.023 0.286 0.155 0.015 0.015 0.192 0.132 0.23952156 0.00725696 0.148 0.007 0.23819488 0.00410906 0.131 0.004 0.23819488 0.00410906 0.131 0.004
1Q6M_P27 2003-09-30 289 726 653.82 0.123 0.106 0.720 0.231 0.133 0.133 0.168 0.160 0.03978528 0.0251156 0.040 0.025 0.04207725 0.02884617 0.042 0.029 0.04207725 0.02884617 0.042 0.029
6V3W_QO4 2020-12-16 183 637 578.27 0.099 0.077 0.073 0.056 0.106 0.106 0.054 0.026 0.11689488 0.1082074 0.117 0.108 0.11412729 0.10358879 0.114 0.104 0.073 0.056 0.054 0.026
3ZG3_UDD 2013-09-25 445 722 644.40 0.125 0.113 1.344 0.184 0.091 0.091 1.042 0.167 0.7871415 0.16223358 0.632 0.121 0.7894727 0.16055633 0.789 0.152 0.7894727 0.16055633 0.789 0.152
5ZNI_YMZ 2019-01-16 231 739 667.85 0.413 0.250 0.556 0.157 0.462 0.462 0.553 0.112 0.17067301 0.10712098 0.171 0.048 0.16773474 0.12298023 0.168 0.058 0.16773474 0.12298023 0.168 0.058
4YMQ_ZBD 2015-04-22 254 698 627.28 0.088 0.081 0.092 0.084 0.016 0.016 0.061 0.045 0.15591468 0.14105193 0.156 0.141 0.14314216 0.12700851 0.143 0.127 0.092 0.084 0.061 0.045
4J1K_1HG 2013-05-01 368 738 661.52 0.089 0.086 0.020 0.014 0.040 0.040 0.020 0.012 0.1736236 0.11419883 0.174 0.085 0.20385256 0.1250091 0.204 0.089 0.02 0.014 0.02 0.012
4J1I_1HH 2013-05-01 371 684 611.08 0.054 0.052 0.073 0.071 0.053 0.053 0.071 0.064 0.7615787 0.09833262 0.433 0.096 0.76111233 0.09504122 0.135 0.095 0.073 0.071 0.071 0.064
4J1E_1HM 2013-05-01 379 752 678.58 0.114 0.108 0.029 0.012 0.087 0.087 0.021 0.011 0.05230274 0.04440355 0.052 0.044 0.0774168 0.07422994 0.077 0.074 0.029 0.012 0.021 0.011
4XV9_1OO 2015-10-28 261 910 832.23 0.128 0.117 0.101 0.099 0.095 0.095 0.089 0.086 0.07050902 0.06788793 0.071 0.068 0.02776997 0.02373717 0.028 0.024 0.02776997 0.02373717 0.028 0.024
5C4S_4Y5 2015-12-16 241 699 628.27 0.065 0.059 0.057 0.054 0.040 0.040 0.018 0.013 0.09109926 0.08764565 0.091 0.088 0.0932308 0.08975783 0.093 0.090 0.057 0.054 0.018 0.013
5DDF_5A1 2015-09-09 465 700 625.73 0.109 0.108 0.129 0.119 0.018 0.018 0.129 0.110 0.03454991 0.02858441 0.035 0.029 0.04122685 0.03097094 0.041 0.031 0.04122685 0.03097094 0.041 0.031
5KMK_6UG 2016-12-28 304 759 686.80 0.781 0.484 0.335 0.034 0.853 0.853 0.043 0.028 0.03476919 0.0200951 0.035 0.020 0.03100462 0.01670383 0.031 0.017 0.03100462 0.01670383 0.031 0.017
5TBO_78Z 2016-09-28 362 766 692.03 0.101 0.089 0.133 0.132 0.033 0.033 0.027 0.018 0.12238682 0.1106207 0.122 0.111 0.07970316 0.0746196 0.080 0.075 0.07970316 0.0746196 0.027 0.018
4AZY_7F3 2012-10-17 375 713 638.63 0.073 0.067 0.019 0.015 0.066 0.066 0.019 0.015 0.06783768 0.06496937 0.068 0.065 0.07074546 0.0677117 0.071 0.068 0.019 0.015 0.019 0.015
5NAD_8RH 2017-05-31 257 768 697.10 0.150 0.127 0.161 0.146 0.191 0.190 0.151 0.135 0.13739529 0.11255004 0.137 0.113 0.13514258 0.11263242 0.135 0.113 0.13514258 0.11263242 0.135 0.113
6TND_8RH 2020-05-13 254 736 664.91 0.128 0.114 0.099 0.081 0.162 0.162 0.099 0.076 0.08029704 0.07227981 0.080 0.072 0.08483034 0.07306065 0.085 0.073 0.08483034 0.07306065 0.085 0.073
3SFK_D67 2011-07-06 368 755 682.33 0.152 0.134 0.031 0.020 0.074 0.074 0.028 0.018 0.18101183 0.16316287 0.181 0.129 0.1593982 0.13833144 0.159 0.131 0.031 0.02 0.028 0.018
4UWF_EUT 2014-11-26 550 782 683.53 0.565 0.536 0.067 0.060 0.037 0.037 0.067 0.060 0.15894416 0.15206406 0.051 0.017 0.05238534 0.01830712 0.052 0.018 0.05238534 0.01830712 0.052 0.018
4J03_FVS 2013-06-05 548 766 666.82 0.134 0.084 0.454 0.265 0.049 0.049 0.145 0.071 0.4673518 0.26812783 0.183 0.133 0.19371587 0.13096243 0.194 0.131 0.19371587 0.13096243 0.145 0.071
6DKI_GOD 2018-07-11 279 735 662.20 0.186 0.177 0.091 0.086 0.087 0.087 0.039 0.020 0.0762039 0.06911698 0.076 0.069 0.11656216 0.1097922 0.117 0.110 0.091 0.086 0.039 0.02
1XZ3_ICF 2005-05-10 168 733 676.12 0.118 0.111 2.335 0.086 0.023 0.023 2.286 0.053 0.30290416 0.13813111 0.262 0.067 2.9236553 0.06530637 1.842 0.065 2.335 0.06530637 1.842 0.053
2FPT_ILB 2007-01-23 364 775 699.88 0.218 0.128 0.123 0.063 0.255 0.255 0.113 0.063 0.06888583 0.06049304 0.069 0.060 0.05034567 0.03836536 0.050 0.038 0.05034567 0.03836536 0.05 0.038
6QU7_JJE 2019-06-05 363 745 670.28 0.073 0.068 0.136 0.122 0.096 0.096 0.052 0.037 0.07482125 0.06931884 0.075 0.069 0.08998251 0.08233065 0.090 0.082 0.08998251 0.08233065 0.052 0.037
6YD6_OMW 2021-07-28 307 718 645.51 0.051 0.047 0.043 0.018 0.026 0.026 0.036 0.014 0.11931567 0.10695245 0.119 0.068 0.12055929 0.11208405 0.121 0.062 0.043 0.018 0.036 0.014
3RYX_RYX 2011-08-10 258 775 700.54 0.024 0.024 0.109 0.105 0.009 0.009 0.040 0.028 0.12111188 0.09571759 0.110 0.081 0.39187577 0.18710497 0.122 0.101 0.109 0.105 0.04 0.028
6W59_SZD 2021-03-17 544 815 716.48 0.168 0.102 2.031 0.146 0.203 0.203 2.031 0.063 0.73962265 0.17488241 0.626 0.175 2.0263429 0.18033111 1.956 0.089 2.0263429 0.146 1.956 0.063
6W53_SZP 2021-04-07 540 745 648.14 0.140 0.086 1.990 0.067 0.163 0.163 1.984 0.046 0.78563446 0.14125583 0.768 0.141 2.0332103 0.09084831 2.032 0.091 1.99 0.067 1.984 0.046
6KVP_ZI1 2020-01-15 306 702 630.45 0.055 0.046 0.090 0.088 0.025 0.025 0.018 0.012 0.09633376 0.08658352 0.096 0.087 0.09654197 0.08580053 0.097 0.086 0.09 0.08580053 0.018 0.012
5XDU_ZI6 2017-08-02 306 746 674.39 0.064 0.056 0.032 0.019 0.024 0.024 0.028 0.018 0.10430574 0.09751336 0.104 0.098 0.10351388 0.09730371 0.104 0.097 0.032 0.019 0.028 0.018
5XDV_ZI6 2017-08-02 305 735 661.91 0.065 0.060 0.062 0.061 0.024 0.024 0.062 0.061 0.07977673 0.07403108 0.080 0.074 0.08493457 0.07497567 0.085 0.075 0.062 0.061 0.062 0.061
5XDT_ZI7 2017-08-02 306 740 668.07 0.052 0.043 0.034 0.023 0.028 0.028 0.024 0.020 0.11144438 0.10041696 0.111 0.100 0.10662447 0.09682091 0.107 0.097 0.034 0.023 0.024 0.02
4FIA_0U9 2013-01-09 426 758 679.25 0.098 0.088 0.227 0.140 0.148 0.148 0.175 0.134 0.87691796 0.2442058 0.759 0.171 0.8779469 0.24538839 0.763 0.120 0.227 0.14 0.175 0.12
1Z95_198 2005-04-19 238 697 621.38 0.042 0.039 0.082 0.076 0.022 0.022 0.070 0.063 0.10780802 0.10582314 0.108 0.106 0.10949387 0.10634625 0.109 0.106 0.082 0.076 0.07 0.063
4FIA_198 2013-01-09 426 783 705.53 0.099 0.088 0.201 0.175 0.148 0.148 0.187 0.126 0.8921521 0.317045 0.819 0.134 0.88744295 0.3140179 0.768 0.125 0.201 0.175 0.187 0.125
4J1H_1HJ 2013-05-01 370 733 659.57 0.082 0.081 0.068 0.064 0.054 0.054 0.066 0.064 0.06206362 0.05243725 0.062 0.052 0.1584213 0.13245298 0.158 0.093 0.068 0.064 0.066 0.064
4J1F_1HL 2013-05-01 376 769 696.06 0.085 0.078 0.063 0.059 0.095 0.095 0.027 0.013 0.1275145 0.12227067 0.086 0.075 0.09054109 0.08302868 0.091 0.077 0.063 0.059 0.027 0.013
4J1C_1HO 2013-05-01 371 741 668.04 0.068 0.062 0.049 0.037 0.097 0.097 0.048 0.037 0.05607742 0.04177824 0.056 0.042 0.04512788 0.02844255 0.045 0.028 0.04512788 0.02844255 0.045 0.028
1Q6J_335 2003-09-30 289 758 684.99 0.124 0.108 0.697 0.231 0.130 0.130 0.688 0.231 0.08653734 0.08284131 0.087 0.083 0.085402 0.08210731 0.085 0.082 0.085402 0.08210731 0.085 0.082
4X3J_3WR 2014-12-24 234 721 649.78 0.670 0.446 0.420 0.091 0.595 0.595 0.391 0.042 0.01837682 0.01067607 0.018 0.011 0.06077776 0.0236254 0.061 0.024 0.06077776 0.0236254 0.061 0.024
4X7O_3Z6 2015-01-28 246 767 695.14 0.364 0.340 0.032 0.009 0.097 0.097 0.027 0.009 0.07810555 0.06579949 0.078 0.066 0.07538611 0.06558629 0.075 0.066 0.032 0.009 0.027 0.009
3VHE_42Q 2011-11-02 303 762 690.31 0.092 0.087 0.034 0.011 0.032 0.032 0.028 0.009 0.08393004 0.07551882 0.084 0.076 0.0850754 0.07597051 0.085 0.076 0.034 0.011 0.028 0.009
4YTH_467 2015-08-12 289 743 669.40 0.110 0.091 0.066 0.062 0.094 0.093 0.066 0.062 0.09968887 0.06562904 0.100 0.066 0.11638181 0.09340684 0.116 0.093 0.066 0.062 0.066 0.062
4YTF_4HZ 2015-08-12 285 717 643.74 0.144 0.106 0.027 0.019 0.155 0.155 0.027 0.019 0.1416333 0.09780794 0.142 0.097 0.14064488 0.08816099 0.141 0.088 0.027 0.019 0.027 0.019
4YL3_4U9 2015-07-08 146 656 598.88 0.064 0.057 0.122 0.099 0.013 0.013 0.116 0.066 1.0274183 0.16625296 0.214 0.091 1.0199722 0.09954832 0.171 0.070 0.122 0.099 0.116 0.066
5C4T_4Y6 2015-12-16 241 728 656.46 0.074 0.066 0.125 0.123 0.063 0.063 0.088 0.087 0.0748485 0.06441994 0.075 0.064 0.06925149 0.06488303 0.069 0.065 0.06925149 0.06488303 0.069 0.065
5C4U_4Y7 2015-12-16 241 671 575.16 0.064 0.057 0.060 0.056 0.032 0.032 0.024 0.016 0.09254801 0.0851882 0.093 0.085 0.09564003 0.08468889 0.096 0.085 0.06 0.056 0.024 0.016
5CAS_4ZQ 2015-10-28 299 774 701.15 0.220 0.216 0.060 0.057 0.034 0.034 0.030 0.018 0.02520182 0.01427409 0.025 0.014 0.06702577 0.0651909 0.067 0.065 0.06 0.057 0.03 0.018
5CAV_4ZQ 2015-10-28 306 742 667.99 1.207 1.135 0.063 0.059 0.050 0.050 0.031 0.024 0.14098154 0.13432679 0.141 0.095 0.12410804 0.11582241 0.124 0.093 0.063 0.059 0.031 0.024
5CAU_4ZR 2015-10-28 297 796 723.42 0.181 0.179 0.027 0.017 0.038 0.038 0.025 0.015 0.0299008 0.02083079 0.030 0.021 0.06622373 0.06014528 0.066 0.060 0.027 0.017 0.025 0.015
3INH_569 2010-03-02 366 728 655.29 0.180 0.164 0.020 0.013 0.100 0.100 0.020 0.013 0.075116 0.05767328 0.075 0.058 0.08250602 0.06326258 0.083 0.063 0.02 0.013 0.02 0.013
5FC4_5WK 2016-03-02 140 660 603.20 0.986 0.939 1.700 0.080 0.047 0.047 1.449 0.029 0.30823985 0.09954992 0.308 0.066 1.7291846 0.09506372 1.653 0.078 1.7 0.08 1.449 0.029
5KJ2_6TF 2017-09-27 323 735 662.62 0.119 0.115 0.083 0.079 0.044 0.044 0.083 0.078 0.05216078 0.04403374 0.052 0.044 0.04961763 0.04650735 0.050 0.047 0.04961763 0.04650735 0.05 0.047
5LP1_71H 2017-02-01 370 767 690.12 0.027 0.025 0.136 0.133 0.017 0.017 0.117 0.112 0.3720315 0.25725213 0.141 0.122 0.35527307 0.24262607 0.157 0.118 0.136 0.133 0.117 0.112
5NBA_8S5 2017-06-28 224 707 634.77 0.080 0.068 0.039 0.020 0.086 0.086 0.039 0.018 0.08764558 0.07866859 0.088 0.079 0.0834169 0.07738595 0.083 0.077 0.039 0.02 0.039 0.018
3WPN_B4S 2015-01-21 309 752 678.70 0.226 0.213 0.312 0.156 0.093 0.093 0.262 0.040 0.18435316 0.14677194 0.153 0.095 0.1826185 0.1444015 0.183 0.098 0.1826185 0.1444015 0.183 0.04
3B5R_B5R 2008-09-09 247 734 661.84 0.031 0.029 0.068 0.066 0.020 0.020 0.067 0.066 0.05718506 0.05316631 0.057 0.053 0.05916815 0.05611654 0.059 0.056 0.05916815 0.05611654 0.059 0.056
16PK_BIS 1998-11-25 415 735 659.89 0.310 0.174 0.173 0.144 0.119 0.119 0.150 0.126 0.4119991 0.3041357 0.273 0.247 0.4206738 0.28100872 0.394 0.261 0.173 0.144 0.15 0.126
4D89_BXD 2012-11-21 375 751 676.69 0.081 0.072 0.056 0.056 0.064 0.064 0.028 0.027 0.09873676 0.08654046 0.099 0.087 0.10021196 0.08889535 0.100 0.089 0.056 0.056 0.028 0.027
6KGQ_DJC 2020-03-25 651 807 703.95 0.126 0.070 1.033 0.171 0.036 0.036 0.993 0.088 1.036607 0.17378822 0.618 0.061 1.0566514 0.1602218 0.812 0.093 1.033 0.1602218 0.812 0.088
6KGR_DJC 2020-03-25 651 795 694.43 0.125 0.070 1.043 0.170 0.036 0.036 1.005 0.054 1.0802138 0.11750668 0.818 0.069 1.0526315 0.16967247 0.824 0.087 1.043 0.16967247 0.824 0.054
6FZ4_EC8 2019-01-23 250 747 676.37 0.093 0.081 0.021 0.011 0.036 0.036 0.021 0.011 0.63897884 0.08912932 0.565 0.047 0.6373466 0.0884848 0.566 0.048 0.021 0.011 0.021 0.011
6BXH_EE7 2018-11-28 468 745 650.24 0.104 0.099 0.032 0.027 0.025 0.025 0.032 0.026 0.5937019 0.25799385 0.074 0.068 0.5806879 0.25843993 0.378 0.217 0.032 0.027 0.032 0.026
3K3J_F4C 2009-11-10 329 902 828.09 0.382 0.371 1.008 0.099 0.167 0.167 0.960 0.099 0.1393377 0.13292375 0.139 0.129 0.11563958 0.10876397 0.116 0.109 0.11563958 0.099 0.116 0.099
1KAV_FEP 2002-06-19 297 661 587.80 0.060 0.057 1.232 0.169 0.026 0.026 0.254 0.145 1.0107489 0.35195807 0.774 0.320 0.785081 0.33994657 0.785 0.314 0.785081 0.169 0.254 0.145
2AX7_FHM 2005-09-20 238 680 607.04 0.034 0.034 0.111 0.110 0.015 0.015 0.063 0.062 0.10804314 0.10286407 0.108 0.103 0.10790636 0.10285149 0.108 0.103 0.10790636 0.10285149 0.063 0.062
2AX8_FHM 2005-09-20 238 712 642.15 0.039 0.039 0.115 0.111 0.027 0.027 0.075 0.066 0.11521468 0.10153567 0.115 0.102 0.1095758 0.10303974 0.110 0.103 0.1095758 0.10303974 0.075 0.066
2AXA_FHM 2005-09-20 238 750 679.06 0.033 0.033 0.110 0.109 0.017 0.017 0.065 0.063 0.11026768 0.10453732 0.110 0.105 0.11055876 0.10361955 0.111 0.104 0.11 0.10361955 0.065 0.063
6CZ4_FKY 2018-06-20 257 734 660.50 0.155 0.131 0.130 0.128 0.041 0.041 0.072 0.069 0.12625611 0.12193394 0.126 0.122 0.12597881 0.12215021 0.126 0.098 0.12597881 0.12215021 0.072 0.069
6DKB_FKY 2018-07-11 272 724 650.60 0.212 0.207 0.102 0.097 0.035 0.035 0.063 0.057 0.04804389 0.03116245 0.048 0.031 0.03172424 0.02506779 0.032 0.025 0.03172424 0.02506779 0.032 0.025
1KAK_FNP 2002-06-19 297 758 686.52 0.067 0.064 0.385 0.132 0.029 0.029 0.323 0.102 0.45849925 0.1434595 0.340 0.102 0.4519475 0.14423595 0.351 0.100 0.385 0.132 0.323 0.1
6HJK_G7W 2018-10-03 255 942 869.48 0.290 0.198 0.181 0.163 0.292 0.292 0.175 0.160 0.29429024 0.18003544 0.294 0.106 0.28597438 0.1788719 0.286 0.099 0.181 0.163 0.175 0.099
6DKG_GO7 2018-07-11 276 689 614.33 0.213 0.202 0.092 0.089 0.091 0.091 0.041 0.038 0.10570382 0.09387144 0.106 0.094 0.10292903 0.09292626 0.103 0.093 0.092 0.089 0.041 0.038
3TKM_GW0 2012-07-04 270 744 672.85 0.141 0.137 0.150 0.147 0.138 0.138 0.128 0.127 0.1025422 0.08476972 0.103 0.085 0.12269813 0.08436885 0.123 0.084 0.12269813 0.08436885 0.123 0.084
6NWS_L77 2019-07-10 259 692 619.96 0.057 0.053 0.064 0.059 0.040 0.040 0.043 0.028 0.17096111 0.16422342 0.171 0.164 0.16646065 0.163788 0.166 0.164 0.064 0.059 0.043 0.028
3M35_M35 2010-04-21 223 719 646.82 0.038 0.029 0.074 0.067 0.027 0.027 0.035 0.025 0.09360708 0.08746584 0.094 0.087 0.09400027 0.08803391 0.094 0.088 0.074 0.067 0.035 0.025
3HF8_ML0 2010-04-21 274 714 641.66 0.652 0.625 0.118 0.091 0.375 0.375 0.108 0.018 0.586207 0.39706573 0.421 0.273 0.63095176 0.40011168 0.376 0.242 0.118 0.091 0.108 0.018
6VTN_RL7 2020-04-22 375 733 660.18 0.057 0.030 0.067 0.065 0.024 0.024 0.026 0.022 0.08820083 0.0781578 0.088 0.078 0.08892273 0.07828759 0.089 0.078 0.067 0.065 0.026 0.022
4ACX_S8Z 2012-02-29 370 706 632.09 0.054 0.048 0.110 0.102 0.022 0.022 0.066 0.056 0.06810118 0.05297686 0.068 0.053 0.07051693 0.0532367 0.071 0.053 0.07051693 0.0532367 0.066 0.053
6W35_SKV 2020-07-08 792 773 644.76 0.083 0.081 0.064 0.059 0.035 0.035 0.063 0.058 0.08184498 0.07281934 0.082 0.073 0.08665208 0.07985266 0.087 0.080 0.064 0.059 0.063 0.058
7B1Q_SLK 2021-04-28 379 687 615.22 0.076 0.073 0.059 0.057 0.071 0.071 0.057 0.057 0.04955257 0.03975446 0.050 0.040 0.08854882 0.08265918 0.089 0.083 0.059 0.057 0.057 0.057
4AT4_T6E 2012-08-22 292 724 650.00 0.212 0.183 0.091 0.080 0.110 0.110 0.060 0.040 0.07255895 0.06634229 0.073 0.066 0.08166704 0.07699975 0.082 0.077 0.08166704 0.07699975 0.06 0.04
3LK9_TFF 2011-01-12 326 712 640.22 0.557 0.291 0.156 0.111 0.145 0.145 0.118 0.077 0.74797815 0.3313762 0.358 0.201 0.76181483 0.27714032 0.402 0.247 0.156 0.111 0.118 0.077
7NP5_UKB 2021-06-02 242 708 637.77 0.052 0.048 0.133 0.127 0.062 0.062 0.037 0.013 0.03360348 0.02606736 0.034 0.026 0.03134918 0.02504396 0.031 0.025 0.03134918 0.02504396 0.031 0.013
5FRB_VT2 2017-04-26 470 749 653.06 0.117 0.116 0.290 0.190 0.092 0.092 0.227 0.130 0.45209458 0.30083552 0.398 0.228 0.45357165 0.29396617 0.408 0.232 0.29 0.19 0.227 0.13
7KQD_WVA 2021-04-21 441 739 666.93 1.459 0.326 3.182 0.212 1.063 1.063 3.114 0.176 0.43012962 0.2913029 0.420 0.128 2.55252 0.3181763 2.437 0.188 2.55252 0.212 2.437 0.176
4BFS_ZVS 2013-05-15 302 738 665.55 0.077 0.074 0.109 0.107 0.030 0.030 0.041 0.038 0.6590289 0.21895161 0.219 0.214 0.6421965 0.2732253 0.642 0.212 0.109 0.107 0.041 0.038
3POZ_03P 2011-03-30 293 733 661.33 0.498 0.480 0.093 0.086 0.158 0.158 0.093 0.086 0.12567513 0.11673368 0.104 0.096 0.12588505 0.11647389 0.115 0.089 0.093 0.086 0.093 0.086
3W2O_03P 2013-01-16 305 725 651.51 0.687 0.525 0.359 0.251 0.138 0.138 0.358 0.251 0.251421 0.19792278 0.211 0.175 0.24692899 0.19530517 0.211 0.191 0.24692899 0.19530517 0.211 0.191
3UGC_046 2012-05-16 274 797 724.85 0.120 0.109 0.067 0.062 0.043 0.043 0.053 0.049 0.12944375 0.09233451 0.129 0.092 1.2980033 0.19779083 1.267 0.146 0.067 0.062 0.053 0.049
4O2Z_046 2014-01-22 363 774 699.52 0.375 0.361 0.100 0.094 0.042 0.042 0.100 0.094 0.11522719 0.07250599 0.115 0.073 0.3287631 0.1933157 0.101 0.053 0.1 0.094 0.1 0.053
3UA8_08W 2012-01-11 257 665 593.88 0.074 0.071 0.079 0.062 0.040 0.040 0.066 0.028 0.0523544 0.04500424 0.052 0.045 0.04627888 0.04203456 0.046 0.042 0.04627888 0.04203456 0.046 0.028
3VC4_0FS 2012-03-21 274 744 671.45 0.056 0.046 0.075 0.073 0.023 0.023 0.017 0.013 0.569501 0.20413122 0.368 0.106 0.5707481 0.20438665 0.375 0.105 0.075 0.073 0.017 0.013
3VEV_0H4 2012-02-08 450 741 665.49 0.260 0.227 0.125 0.022 0.147 0.147 0.114 0.021 0.11855979 0.09907538 0.119 0.099 0.11535287 0.09883117 0.115 0.099 0.11535287 0.022 0.114 0.021
3VF6_0H6 2012-02-08 451 744 667.77 0.232 0.151 0.133 0.122 0.140 0.140 0.108 0.097 0.11286795 0.09484478 0.113 0.095 0.10984056 0.09245735 0.110 0.092 0.10984056 0.09245735 0.108 0.092
4GG5_0J3 2012-10-03 274 784 713.37 0.164 0.158 0.107 0.104 0.027 0.027 0.043 0.035 0.6482282 0.26260835 0.112 0.092 0.65056205 0.26117325 0.116 0.095 0.107 0.104 0.043 0.035
3OXZ_0LI 2010-12-15 268 762 689.95 0.172 0.167 0.057 0.051 0.082 0.082 0.021 0.016 0.06469796 0.05690595 0.065 0.057 0.04200657 0.02483166 0.042 0.025 0.04200657 0.02483166 0.021 0.016
4QRC_0LI 2014-10-29 297 845 773.28 0.176 0.152 0.096 0.083 0.147 0.147 0.077 0.055 0.09107216 0.06538576 0.091 0.065 0.09200255 0.07109758 0.092 0.071 0.09200255 0.07109758 0.077 0.055
4TYJ_0LI 2014-09-24 278 845 773.08 0.203 0.197 0.082 0.080 0.075 0.075 0.044 0.041 0.08113341 0.0672784 0.081 0.067 0.07638265 0.06638931 0.076 0.066 0.07638265 0.06638931 0.044 0.041
4U0I_0LI 2014-10-08 297 749 676.23 0.219 0.218 0.026 0.021 0.085 0.085 0.026 0.021 0.12209786 0.10940541 0.122 0.108 0.12334314 0.10898888 0.123 0.109 0.026 0.021 0.026 0.021
4EH9_0OQ 2012-12-05 334 924 850.62 0.204 0.158 1.372 0.063 0.244 0.244 1.285 0.063 0.10141443 0.09646157 0.101 0.022 1.6988987 0.21201651 1.495 0.097 1.372 0.063 1.285 0.063
4EMV_0R9 2012-08-01 196 755 695.60 0.089 0.085 0.045 0.011 0.136 0.136 0.045 0.011 0.12015881 0.09208261 0.120 0.092 0.12330671 0.09125407 0.123 0.091 0.045 0.011 0.045 0.011
4F4P_0SB 2012-12-12 262 745 672.60 1.736 0.853 0.969 0.061 1.209 1.209 0.969 0.024 0.1185749 0.10816185 0.119 0.108 0.11353752 0.10551535 0.114 0.106 0.11353752 0.061 0.114 0.024
4FDO_0T5 2012-07-04 426 701 624.38 0.157 0.152 0.665 0.182 0.120 0.120 0.542 0.112 0.08811978 0.07229257 0.088 0.072 0.13642047 0.12618655 0.136 0.126 0.13642047 0.12618655 0.136 0.112
4G31_0WH 2012-08-08 248 859 785.40 0.182 0.138 0.063 0.054 0.168 0.168 0.063 0.054 0.04933956 0.01950608 0.049 0.020 0.05681877 0.01818101 0.057 0.018 0.05681877 0.01818101 0.057 0.018
1ELA_0Z1 1994-04-30 240 668 596.60 0.020 0.018 0.064 0.062 0.014 0.014 0.064 0.062 0.15573148 0.13786618 0.156 0.127 0.37885696 0.31593472 0.144 0.131 0.064 0.062 0.064 0.062
1ELC_0Z3 1994-04-30 240 681 608.91 0.020 0.020 0.656 0.390 0.018 0.018 0.497 0.253 0.71425235 0.31130853 0.700 0.253 0.714072 0.3128164 0.681 0.255 0.656 0.3128164 0.497 0.253
1ELB_0Z4 1994-06-22 240 725 653.55 0.020 0.019 0.420 0.278 0.017 0.017 0.407 0.259 0.6494058 0.21348369 0.444 0.213 0.44201675 0.2805019 0.442 0.203 0.42 0.278 0.407 0.203
4OYS_1TT 2014-10-22 553 795 697.59 0.626 0.595 0.109 0.107 0.031 0.031 0.055 0.035 0.02640007 0.01724861 0.026 0.017 0.03416609 0.00944796 0.034 0.009 0.03416609 0.00944796 0.034 0.009
4LP0_1YM 2013-11-13 192 732 672.25 0.046 0.046 0.068 0.061 0.031 0.031 0.065 0.059 0.38365215 0.16085075 0.256 0.158 0.38915777 0.15743911 0.252 0.157 0.068 0.061 0.065 0.059
4LPB_1YP 2013-10-30 193 686 627.68 0.081 0.079 0.057 0.055 0.032 0.032 0.018 0.015 0.3427149 0.19389273 0.169 0.109 0.35898954 0.19773152 0.178 0.131 0.057 0.055 0.018 0.015
3RPR_25Z 2012-10-31 282 827 754.67 0.182 0.165 0.073 0.066 0.055 0.055 0.048 0.032 0.09536078 0.07900336 0.095 0.079 0.06276283 0.03507423 0.063 0.035 0.06276283 0.03507423 0.048 0.032
4M3E_2B3 2014-06-25 193 674 616.86 0.042 0.033 0.075 0.073 0.023 0.023 0.074 0.072 0.13189876 0.12132698 0.099 0.092 0.11565713 0.10778178 0.116 0.108 0.075 0.073 0.074 0.072
4M3G_2G1 2014-06-25 191 761 703.18 0.087 0.083 0.072 0.068 0.094 0.094 0.070 0.068 0.09194297 0.08144789 0.092 0.081 0.08644456 0.08123552 0.086 0.081 0.072 0.068 0.07 0.068
4M3D_2H2 2014-06-25 192 654 595.18 0.043 0.030 0.089 0.088 0.024 0.024 0.063 0.061 0.16359332 0.15881938 0.164 0.118 0.13604565 0.12893109 0.136 0.102 0.089 0.088 0.063 0.061
3Q77_2HY 2011-05-11 218 687 628.57 0.052 0.049 0.069 0.066 0.016 0.016 0.069 0.066 0.13379528 0.12803425 0.134 0.128 0.13011448 0.12503946 0.130 0.125 0.069 0.066 0.069 0.066
4N7E_2JQ 2014-01-22 653 765 668.45 0.099 0.080 0.071 0.065 0.027 0.027 0.033 0.011 0.08474999 0.07893719 0.085 0.079 0.08034991 0.07723103 0.080 0.077 0.071 0.065 0.033 0.011
5QEZ_2O8 2018-10-10 282 763 689.65 0.036 0.023 2.324 0.089 0.050 0.050 0.565 0.089 0.57461387 0.13556793 0.575 0.079 2.1977854 0.11992379 2.114 0.106 2.1977854 0.089 0.565 0.089
4NY4_2QH 2014-08-13 460 754 676.32 0.165 0.164 0.940 0.117 0.063 0.063 0.621 0.086 0.844608 0.23085521 0.676 0.160 0.69718987 0.24628893 0.669 0.088 0.69718987 0.117 0.621 0.086
4OCZ_2RU 2014-09-24 548 731 632.32 0.135 0.089 0.094 0.085 0.045 0.045 0.094 0.085 0.1314759 0.11535332 0.131 0.067 0.13109668 0.11613032 0.131 0.099 0.094 0.085 0.094 0.085
4OD0_2RV 2014-09-24 547 780 681.42 0.088 0.062 0.076 0.069 0.032 0.032 0.042 0.035 0.220194 0.15860902 0.143 0.125 0.21817994 0.15973398 0.085 0.065 0.076 0.069 0.042 0.035
4PMP_31W 2014-06-18 280 799 725.81 0.182 0.177 0.028 0.022 0.055 0.055 0.026 0.019 0.09360053 0.07710887 0.094 0.077 0.09317543 0.07691775 0.093 0.077 0.028 0.022 0.026 0.019
4QQE_37F 2014-07-30 304 761 687.82 0.077 0.076 0.060 0.051 0.015 0.015 0.060 0.051 0.07049654 0.06360941 0.070 0.064 0.06862807 0.06327993 0.069 0.063 0.06 0.051 0.06 0.051
3SFI_3SF 2011-12-07 193 732 673.94 0.046 0.037 0.032 0.024 0.024 0.024 0.027 0.021 0.10344239 0.08891161 0.077 0.051 0.09948219 0.08531155 0.099 0.085 0.032 0.024 0.027 0.021
4WUA_3UL 2015-09-16 344 774 698.82 0.301 0.214 0.080 0.062 0.120 0.120 0.076 0.061 0.10949104 0.08640376 0.109 0.070 0.10313057 0.0836999 0.103 0.082 0.08 0.062 0.076 0.061
2XNN_430 2011-03-30 251 774 701.32 0.466 0.431 0.096 0.083 0.161 0.161 0.066 0.051 0.1645879 0.12106592 0.165 0.121 0.17362791 0.13666375 0.174 0.137 0.096 0.083 0.066 0.051
4Y4E_46R 2016-02-17 330 607 534.54 0.015 0.012 0.068 0.060 0.009 0.009 0.068 0.058 0.9951967 0.1480748 0.704 0.069 0.8532412 0.14330931 0.711 0.118 0.068 0.06 0.068 0.058
4Y5A_47M 2016-03-02 330 745 674.39 0.017 0.013 0.429 0.013 0.014 0.014 0.429 0.013 0.514504 0.01310982 0.147 0.013 0.5246752 0.09619411 0.317 0.062 0.429 0.013 0.317 0.013
4FAT_496 2012-07-11 263 748 677.51 0.401 0.266 0.276 0.225 0.036 0.036 0.276 0.083 0.8859556 0.17056338 0.864 0.171 0.88201475 0.17258315 0.864 0.173 0.276 0.17258315 0.276 0.083
4Y2Q_49N 2015-05-06 546 766 667.27 0.153 0.083 0.146 0.144 0.033 0.033 0.043 0.011 0.06524358 0.01091489 0.065 0.011 0.07150683 0.01016121 0.072 0.010 0.07150683 0.01016121 0.043 0.01
4Y2S_49P 2015-05-06 546 766 668.83 0.094 0.055 0.033 0.008 0.032 0.032 0.033 0.005 0.220641 0.10558327 0.183 0.082 0.21903579 0.10447008 0.180 0.073 0.033 0.008 0.033 0.005
4YPQ_4F1 2015-12-23 243 716 645.78 0.055 0.051 0.088 0.086 0.053 0.053 0.069 0.067 0.07680865 0.06995698 0.077 0.070 0.07142934 0.06918536 0.071 0.069 0.07142934 0.06918536 0.069 0.067
5C4O_4F1 2015-12-16 241 748 676.43 0.058 0.053 0.124 0.124 0.038 0.038 0.056 0.055 0.07485982 0.06264994 0.075 0.063 0.06403748 0.05871098 0.064 0.059 0.06403748 0.05871098 0.056 0.055
6T4I_4F1 2020-11-18 241 702 631.43 0.068 0.061 0.105 0.102 0.057 0.057 0.090 0.086 0.10367156 0.09223418 0.104 0.092 0.07951139 0.07211029 0.080 0.072 0.07951139 0.07211029 0.08 0.072
6T4K_4F1 2020-11-18 241 652 581.51 0.066 0.056 0.110 0.108 0.045 0.045 0.082 0.078 0.0928143 0.08558039 0.093 0.086 0.07874373 0.07161434 0.079 0.072 0.07874373 0.07161434 0.079 0.072
6T4U_4F1 2020-11-18 240 750 679.50 0.052 0.038 0.082 0.078 0.055 0.055 0.025 0.006 0.04916522 0.02681549 0.049 0.027 0.09882576 0.09132902 0.099 0.091 0.082 0.078 0.025 0.006
6T4Y_4F1 2020-11-18 241 749 678.44 0.063 0.055 0.105 0.102 0.046 0.046 0.090 0.087 0.04913782 0.02811973 0.049 0.028 0.09833799 0.0914396 0.098 0.091 0.09833799 0.0914396 0.09 0.087
6TDC_4F1 2020-11-18 260 724 651.86 0.733 0.700 0.823 0.241 0.139 0.139 0.284 0.077 0.25302505 0.24561714 0.027 0.010 0.25198802 0.24556603 0.024 0.009 0.25198802 0.241 0.024 0.009
4Q87_4FH 2015-03-11 257 742 669.55 0.020 0.019 0.144 0.088 0.020 0.020 0.064 0.019 0.14937328 0.06874015 0.149 0.013 0.15494633 0.1195428 0.155 0.059 0.144 0.088 0.064 0.019
4ZZH_4TO 2015-07-15 339 732 656.85 1.363 0.787 0.065 0.056 0.068 0.068 0.061 0.056 0.57339895 0.10857767 0.148 0.072 0.09981423 0.07079947 0.100 0.071 0.065 0.056 0.061 0.056
4ZZI_4TQ 2015-07-15 335 720 646.63 5.709 1.224 0.082 0.074 0.048 0.048 0.074 0.067 0.09106486 0.083435 0.091 0.083 0.09134699 0.0845612 0.091 0.085 0.082 0.074 0.074 0.067
5CEP_50E 2015-10-14 269 936 862.26 0.122 0.120 0.082 0.080 0.037 0.037 0.045 0.042 0.11108948 0.09344024 0.111 0.086 0.10980944 0.09201043 0.110 0.086 0.082 0.08 0.045 0.042
5CVF_54Z 2016-07-27 325 756 682.41 0.060 0.050 0.135 0.082 0.022 0.022 0.110 0.082 0.19672671 0.13406503 0.055 0.013 0.19855371 0.13551281 0.060 0.011 0.135 0.082 0.06 0.011
3PMV_557 2011-01-12 263 665 593.66 0.352 0.239 0.838 0.081 0.038 0.038 0.830 0.081 0.93186355 0.1281906 0.776 0.128 0.9330804 0.1396841 0.724 0.140 0.838 0.081 0.724 0.081
5DD9_59K 2015-09-09 467 709 635.56 0.060 0.059 0.012 0.008 0.017 0.017 0.010 0.007 0.02839694 0.0220489 0.028 0.022 0.0301493 0.02318654 0.030 0.023 0.012 0.008 0.01 0.007
3K6P_5FB 2010-10-20 226 695 636.80 0.220 0.214 0.099 0.067 0.094 0.094 0.097 0.067 0.25335625 0.18682995 0.078 0.071 0.25174263 0.18658222 0.090 0.080 0.099 0.067 0.09 0.067
5DU4_5FF 2016-01-20 244 736 663.66 0.057 0.044 0.346 0.227 0.031 0.031 0.135 0.103 0.8737289 0.18505827 0.363 0.185 0.8556698 0.18449208 0.362 0.184 0.346 0.18449208 0.135 0.103
3WE4_5FI 2014-08-06 287 760 687.29 0.250 0.245 0.115 0.109 0.464 0.405 0.082 0.069 0.04524749 0.03281516 0.045 0.033 0.03436394 0.02163131 0.034 0.022 0.03436394 0.02163131 0.034 0.022
4L3J_5FI 2013-07-24 291 761 687.96 0.840 0.758 0.244 0.074 0.502 0.502 0.103 0.074 0.06117118 0.03976549 0.061 0.040 0.06457969 0.02689476 0.065 0.027 0.06457969 0.02689476 0.065 0.027
4L3L_5FI 2013-07-24 291 768 695.03 0.827 0.748 0.260 0.072 0.499 0.499 0.105 0.072 0.04498189 0.03064913 0.045 0.031 0.05582248 0.03337808 0.056 0.033 0.05582248 0.03337808 0.056 0.033
4L42_5FI 2013-07-24 299 805 730.00 0.896 0.773 0.251 0.075 0.527 0.527 0.082 0.067 0.09284063 0.09095822 0.093 0.091 0.08498025 0.08461729 0.085 0.085 0.08498025 0.075 0.082 0.067
4L43_5FI 2013-07-24 316 854 779.62 0.173 0.156 0.107 0.080 0.127 0.127 0.075 0.063 0.09412508 0.08205637 0.094 0.082 0.09651767 0.08373886 0.097 0.084 0.09651767 0.08 0.075 0.063
4L44_5FI 2013-07-24 321 763 688.05 0.298 0.261 0.080 0.034 0.272 0.272 0.080 0.034 0.08547031 0.07730677 0.085 0.077 0.09162493 0.08387948 0.092 0.079 0.08 0.034 0.08 0.034
4L45_5FI 2013-07-24 317 883 808.45 0.189 0.151 0.087 0.065 0.112 0.112 0.075 0.065 0.07594468 0.04367866 0.076 0.044 0.0803467 0.04491202 0.080 0.045 0.0803467 0.04491202 0.075 0.045
4L46_5FI 2013-07-24 318 813 738.99 0.355 0.317 0.091 0.066 0.264 0.264 0.051 0.038 0.123056 0.08980697 0.123 0.090 0.12239248 0.08866267 0.122 0.089 0.091 0.066 0.051 0.038
5DRB_5FJ 2016-09-07 273 757 685.39 0.239 0.222 0.095 0.083 0.060 0.060 0.090 0.065 0.06949508 0.06721856 0.069 0.067 0.07092331 0.06804667 0.071 0.068 0.07092331 0.06804667 0.071 0.065
5DY7_5GT 2016-05-25 113 635 578.32 0.047 0.034 0.040 0.023 0.022 0.022 0.040 0.019 0.46443897 0.10817783 0.114 0.038 0.46223825 0.10745694 0.103 0.015 0.04 0.023 0.04 0.015
4UIY_5V2 2015-04-22 127 682 623.97 0.032 0.026 0.059 0.054 0.012 0.012 0.059 0.054 0.25387722 0.1908887 0.073 0.067 0.25689712 0.19193383 0.074 0.066 0.059 0.054 0.059 0.054
5FBE_5W5 2016-10-26 226 674 602.29 0.068 0.067 0.039 0.021 0.024 0.024 0.033 0.016 0.09938247 0.07948916 0.099 0.079 0.08850397 0.07075888 0.089 0.071 0.039 0.021 0.033 0.016
3ZCQ_62N 2013-12-11 810 826 698.16 0.087 0.085 0.119 0.109 0.029 0.029 0.073 0.061 0.08525819 0.07405391 0.085 0.070 0.06588964 0.04439035 0.066 0.044 0.06588964 0.04439035 0.066 0.044
5HPB_63W 2017-01-25 186 738 678.72 0.027 0.025 0.078 0.065 0.018 0.018 0.078 0.065 0.03300937 0.00814 0.033 0.008 0.02901829 0.01246708 0.029 0.012 0.02901829 0.01246708 0.029 0.012
4HVS_647 2013-03-27 326 891 817.72 0.225 0.220 0.037 0.022 0.053 0.053 0.034 0.022 0.04040454 0.01889393 0.040 0.019 0.07996216 0.07407704 0.080 0.074 0.037 0.022 0.034 0.022
5HQZ_64J 2017-01-25 186 659 600.38 0.019 0.018 0.076 0.073 0.013 0.013 0.034 0.022 0.08888455 0.05947986 0.089 0.059 0.08592963 0.06636824 0.086 0.066 0.076 0.06636824 0.034 0.022
4HW7_64M 2013-03-27 289 708 635.56 0.158 0.154 0.043 0.030 0.030 0.030 0.039 0.028 0.14851019 0.12679929 0.149 0.127 0.09417623 0.06044336 0.094 0.060 0.043 0.03 0.039 0.028
5HUI_65N 2017-02-01 186 690 632.86 0.035 0.033 0.109 0.084 0.022 0.022 0.072 0.048 0.09267996 0.09023163 0.093 0.090 0.09465964 0.09021535 0.095 0.090 0.09465964 0.084 0.072 0.048
5JHA_6K7 2017-03-15 803 838 710.39 2.069 1.739 0.106 0.092 0.073 0.073 0.082 0.063 0.13843754 0.0928162 0.138 0.093 0.13826609 0.09833215 0.138 0.081 0.106 0.092 0.082 0.063
5JI6_6KN 2016-05-25 368 747 651.46 0.022 0.021 0.192 0.175 0.013 0.013 0.184 0.167 0.1795488 0.1508196 0.111 0.014 0.17433892 0.1515492 0.110 0.015 0.17433892 0.1515492 0.11 0.015
5AKH_6NM 2015-05-13 546 786 687.62 0.094 0.055 0.112 0.104 0.032 0.032 0.047 0.018 0.09449467 0.07976518 0.094 0.036 0.09330054 0.07898694 0.093 0.038 0.09330054 0.07898694 0.047 0.018
4J0T_6T9 2013-05-01 381 662 587.94 0.076 0.073 0.060 0.059 0.032 0.032 0.025 0.020 0.0720301 0.05078546 0.072 0.051 0.08053903 0.05653515 0.081 0.057 0.06 0.05653515 0.025 0.02
5A5J_6YF 2016-08-03 455 757 680.51 0.186 0.180 0.789 0.180 0.137 0.137 0.772 0.180 0.2485963 0.21253411 0.217 0.114 1.0417416 0.17656048 0.218 0.129 0.789 0.17656048 0.218 0.129
3ZMG_6Z0 2013-05-01 385 729 654.15 0.154 0.151 0.069 0.060 0.105 0.105 0.019 0.010 0.03696866 0.02838398 0.037 0.028 0.03178111 0.01952602 0.032 0.020 0.03178111 0.01952602 0.019 0.01
5PH0_71N 2017-03-15 331 756 683.51 0.033 0.028 2.298 0.095 0.009 0.009 2.291 0.081 1.162862 0.04674512 0.644 0.047 2.0151374 0.04024524 2.015 0.014 2.0151374 0.04024524 2.015 0.014
1O3N_785 2003-09-02 223 686 626.28 0.014 0.013 0.020 0.016 0.012 0.012 0.020 0.016 0.3306364 0.1557832 0.145 0.119 0.32431692 0.15805694 0.211 0.115 0.02 0.016 0.02 0.016
1O3O_785 2003-09-02 223 728 668.52 0.018 0.017 0.106 0.097 0.012 0.012 0.086 0.082 0.34222955 0.13687089 0.102 0.079 0.34361002 0.12869152 0.128 0.089 0.106 0.097 0.086 0.082
5LWP_79U 2016-11-16 244 716 644.43 0.118 0.113 0.100 0.098 0.025 0.025 0.056 0.054 0.02908159 0.02040925 0.029 0.020 0.04442094 0.03146896 0.044 0.031 0.04442094 0.03146896 0.044 0.031
4UWL_7A5 2014-11-26 543 793 696.11 0.404 0.384 0.082 0.078 0.035 0.035 0.065 0.061 0.11420012 0.10517357 0.114 0.102 0.11030106 0.10476937 0.110 0.105 0.082 0.078 0.065 0.061
5U09_7DY 2016-12-07 478 789 692.41 0.573 0.285 0.055 0.040 0.156 0.156 0.045 0.039 0.4382226 0.35666636 0.148 0.115 0.44661868 0.35526654 0.086 0.048 0.055 0.04 0.045 0.039
4Q8X_7FH 2015-03-11 257 718 647.01 0.016 0.015 0.127 0.121 0.018 0.018 0.088 0.076 0.46104196 0.07000297 0.125 0.001 0.46574432 0.08722645 0.132 0.010 0.127 0.08722645 0.088 0.01
5M4H_7FX 2017-02-22 208 632 571.53 0.048 0.045 0.076 0.063 0.028 0.028 0.041 0.022 0.05074284 0.0302474 0.051 0.030 0.0420893 0.02858082 0.042 0.029 0.0420893 0.02858082 0.041 0.022
5MJU_7O9 2017-04-19 397 740 664.55 1.186 1.111 0.440 0.166 0.346 0.346 0.440 0.123 0.13505194 0.13273157 0.135 0.133 0.5576151 0.13594508 0.129 0.127 0.44 0.13594508 0.129 0.123
5WZU_7W3 2018-01-24 123 641 584.15 0.049 0.047 0.069 0.058 0.067 0.067 0.063 0.056 0.05471398 0.03100589 0.055 0.031 0.09335151 0.07674463 0.093 0.077 0.069 0.058 0.063 0.056
5Y5E_7W3 2018-06-20 121 749 672.92 0.044 0.042 0.090 0.081 0.057 0.057 0.090 0.081 0.6479381 0.18237588 0.611 0.181 0.70908797 0.221541 0.610 0.175 0.09 0.081 0.09 0.081
5H08_7WL 2017-07-26 282 732 658.45 0.132 0.129 0.044 0.026 0.070 0.070 0.039 0.025 0.16107607 0.13902485 0.143 0.103 0.16671124 0.14772828 0.117 0.105 0.044 0.026 0.039 0.025
3PMX_808 2011-01-12 263 757 684.75 0.356 0.247 0.772 0.139 0.030 0.030 0.769 0.060 0.8882447 0.24369507 0.753 0.179 0.88167495 0.23845182 0.732 0.194 0.772 0.139 0.732 0.06
2ANO_817 2006-07-25 159 680 621.70 0.101 0.092 0.317 0.209 0.122 0.122 0.294 0.202 0.5864854 0.22147681 0.518 0.107 0.5801801 0.24105865 0.508 0.122 0.317 0.209 0.294 0.122
5UFO_87J 2017-04-05 225 724 652.30 0.114 0.105 0.795 0.149 0.104 0.104 0.795 0.149 0.06630237 0.0255222 0.066 0.026 0.14269015 0.12359368 0.143 0.124 0.14269015 0.12359368 0.143 0.124
5MZ3_8EN 2017-11-15 350 813 738.90 0.118 0.095 0.168 0.165 0.136 0.136 0.168 0.165 0.0735108 0.06789871 0.074 0.068 0.08460476 0.07292803 0.085 0.073 0.08460476 0.07292803 0.085 0.073
5NAT_8RT 2018-03-21 226 692 619.65 0.069 0.067 0.033 0.019 0.026 0.026 0.030 0.018 0.09704544 0.08829372 0.097 0.088 0.09013022 0.08029759 0.090 0.080 0.033 0.019 0.03 0.018
5NAR_8RW 2017-06-28 217 677 616.74 0.070 0.068 0.030 0.020 0.049 0.049 0.028 0.020 0.06992427 0.06507505 0.070 0.065 0.07153106 0.06446771 0.072 0.064 0.03 0.02 0.028 0.02
5NAW_8RZ 2017-06-28 226 740 668.68 0.063 0.061 0.244 0.197 0.037 0.037 0.060 0.038 0.06795924 0.06175838 0.068 0.062 0.08109418 0.07505368 0.081 0.075 0.08109418 0.07505368 0.06 0.038
5NB6_8S2 2017-06-28 216 681 621.68 0.090 0.088 0.048 0.039 0.048 0.048 0.048 0.039 0.07188869 0.06875087 0.072 0.069 0.07016051 0.06640522 0.070 0.066 0.048 0.039 0.048 0.039
5NCQ_8T8 2018-01-10 984 1159 1024.69 0.957 0.576 0.162 0.127 0.093 0.093 0.115 0.090 0.14821854 0.0981039 0.109 0.093 0.10450296 0.08219127 0.105 0.082 0.10450296 0.08219127 0.105 0.082
5ALR_8TM 2015-05-13 542 796 697.03 0.060 0.054 0.135 0.130 0.044 0.044 0.094 0.083 0.0484057 0.0361526 0.048 0.036 0.04019401 0.02735049 0.040 0.027 0.04019401 0.02735049 0.04 0.027
5NKF_8ZN 2017-06-07 291 760 687.26 0.066 0.062 0.179 0.174 0.040 0.040 0.090 0.082 0.4930705 0.3981545 0.073 0.066 0.48869312 0.39637423 0.071 0.063 0.179 0.174 0.071 0.063
5VBE_92V 2017-10-25 163 546 487.19 0.140 0.128 0.159 0.130 0.140 0.140 0.118 0.088 0.1293007 0.12288927 0.129 0.123 0.15279432 0.14482938 0.093 0.076 0.15279432 0.13 0.093 0.076
4D0X_953 2014-07-23 293 753 678.26 0.087 0.082 0.063 0.060 0.024 0.024 0.063 0.060 0.75768673 0.1567566 0.180 0.157 0.75667644 0.15806407 0.167 0.140 0.063 0.06 0.063 0.06
7NLX_97W 2021-06-30 290 682 611.00 0.078 0.068 0.491 0.081 0.030 0.030 0.491 0.003 0.35391647 0.07245431 0.354 0.027 0.3525967 0.07125729 0.353 0.027 0.3525967 0.07125729 0.353 0.003
7NLZ_98Q 2021-06-30 291 765 690.63 0.084 0.068 2.477 0.006 0.029 0.029 0.402 0.006 0.42933705 0.03010496 0.369 0.030 1.8780783 0.02588167 1.669 0.026 1.8780783 0.006 0.402 0.006
4BW4_9B6 2013-09-11 127 723 665.43 0.063 0.057 0.057 0.053 0.018 0.018 0.056 0.053 0.1558137 0.14531761 0.156 0.098 0.06968922 0.0482395 0.070 0.048 0.057 0.0482395 0.056 0.048
5VO1_9FS 2017-10-04 269 939 865.06 0.126 0.119 0.056 0.034 0.028 0.028 0.056 0.034 0.408578 0.21503499 0.133 0.114 0.45501485 0.21250634 0.143 0.107 0.056 0.034 0.056 0.034
5VO2_9FV 2017-10-04 269 939 867.34 0.121 0.117 0.119 0.057 0.036 0.036 0.094 0.048 0.48534182 0.2171426 0.100 0.077 0.47753045 0.21728325 0.081 0.060 0.119 0.057 0.081 0.048
5O1N_9H8 2017-05-31 442 757 683.06 0.112 0.108 0.183 0.144 0.045 0.045 0.067 0.034 0.5549438 0.10715831 0.188 0.107 0.7686517 0.11858407 0.201 0.090 0.183 0.11858407 0.067 0.034
6A0B_9O0 2019-06-19 332 756 681.32 0.084 0.082 0.223 0.152 0.030 0.030 0.090 0.019 0.16271025 0.15249172 0.163 0.019 1.2034124 0.13855979 0.106 0.024 0.223 0.13855979 0.09 0.019
6A1B_9O3 2019-06-19 334 679 604.80 0.092 0.090 0.204 0.161 0.030 0.030 0.090 0.011 0.095479 0.0753146 0.095 0.058 0.09552278 0.07691092 0.096 0.077 0.09552278 0.07691092 0.09 0.011
6AAD_9TU 2019-04-17 264 675 604.01 0.282 0.181 0.147 0.080 0.291 0.291 0.084 0.066 0.09225921 0.07819188 0.092 0.078 0.11185661 0.10645045 0.112 0.106 0.11185661 0.08 0.084 0.066
2Q94_A04 2008-01-01 262 769 696.67 0.031 0.026 0.079 0.074 0.031 0.031 0.079 0.074 0.0757335 0.07136049 0.076 0.071 0.0748546 0.0710882 0.075 0.071 0.0748546 0.0710882 0.075 0.071
1D3H_A26 2000-08-13 364 727 652.49 0.140 0.093 0.129 0.045 0.175 0.175 0.129 0.045 0.80926526 0.09772394 0.093 0.028 0.8107377 0.09709013 0.129 0.026 0.129 0.045 0.129 0.026
1TV5_A26 2005-09-06 371 720 647.18 0.085 0.067 0.219 0.143 0.040 0.040 0.212 0.069 0.10996775 0.06840342 0.110 0.067 0.11654663 0.06061751 0.117 0.061 0.11654663 0.06061751 0.117 0.061
5ORR_A5Q 2017-11-01 265 811 737.98 0.047 0.037 0.122 0.116 0.021 0.021 0.083 0.020 0.19602205 0.12438533 0.094 0.067 0.19613831 0.12421355 0.162 0.044 0.122 0.116 0.083 0.02
3NKS_ACJ 2011-04-20 465 752 664.96 0.094 0.091 0.071 0.064 0.023 0.023 0.062 0.036 0.18377663 0.16749139 0.184 0.142 0.73394096 0.13821106 0.110 0.108 0.071 0.064 0.062 0.036
4IVM_ACJ 2013-03-06 464 745 669.79 0.105 0.093 0.576 0.212 0.033 0.033 0.543 0.163 0.7160393 0.11221593 0.302 0.112 0.7099149 0.14474101 0.098 0.085 0.576 0.14474101 0.098 0.085
5OSU_AFW 2018-09-05 327 752 678.02 0.056 0.047 0.073 0.067 0.022 0.022 0.031 0.016 0.08450376 0.0769107 0.085 0.077 0.087346 0.07690878 0.087 0.077 0.073 0.067 0.031 0.016
3D14_AK1 2008-08-26 262 809 735.73 0.237 0.232 0.066 0.035 0.083 0.083 0.055 0.028 0.06937197 0.06588628 0.069 0.066 0.10058879 0.09027655 0.101 0.090 0.066 0.035 0.055 0.028
3D2I_AK3 2009-05-12 255 816 741.61 0.156 0.155 0.059 0.057 0.039 0.039 0.058 0.056 0.15224466 0.11873721 0.152 0.119 0.16291131 0.13855535 0.163 0.139 0.059 0.057 0.058 0.056
2Q8G_AZX 2007-07-24 368 707 633.79 0.263 0.235 0.149 0.137 0.155 0.155 0.101 0.048 0.05303277 0.00964517 0.053 0.010 0.07848578 0.06568661 0.078 0.066 0.07848578 0.06568661 0.078 0.048
1TOU_B1V 2004-08-24 131 688 630.90 0.037 0.037 0.136 0.136 0.021 0.021 0.071 0.067 0.5246376 0.10678512 0.466 0.107 0.46239188 0.20520924 0.462 0.116 0.136 0.136 0.071 0.067
3B66_B66 2008-09-09 247 743 671.77 0.027 0.026 0.110 0.109 0.017 0.017 0.065 0.062 0.09410865 0.09205641 0.094 0.092 0.09462663 0.09207945 0.095 0.092 0.09462663 0.09207945 0.065 0.062
3B68_B68 2008-09-09 247 663 592.71 0.030 0.030 0.064 0.061 0.022 0.022 0.064 0.061 0.10617518 0.10263742 0.106 0.103 0.07293952 0.06328411 0.073 0.063 0.064 0.061 0.064 0.061
3GCS_BAX 2009-06-09 331 969 895.03 0.200 0.140 0.167 0.159 0.136 0.136 0.158 0.150 0.03520884 0.01253467 0.035 0.013 0.04043058 0.01137025 0.040 0.011 0.04043058 0.01137025 0.04 0.011
3WZE_BAX 2015-05-27 298 753 679.45 0.075 0.074 0.054 0.054 0.041 0.041 0.054 0.054 0.06876243 0.06404633 0.069 0.064 0.06861196 0.06432028 0.069 0.064 0.054 0.054 0.054 0.054
4ASD_BAX 2012-09-26 305 765 690.20 0.097 0.093 0.055 0.055 0.039 0.039 0.017 0.014 0.08750996 0.07268137 0.088 0.073 0.08898305 0.07272933 0.089 0.073 0.055 0.055 0.017 0.014
5HI2_BAX 2016-04-06 247 916 843.27 0.104 0.087 0.105 0.102 0.087 0.087 0.105 0.102 0.07905531 0.07216782 0.079 0.072 0.07630726 0.07191382 0.076 0.072 0.07630726 0.07191382 0.076 0.072
2AX9_BHM 2005-09-20 238 756 684.58 0.039 0.038 0.070 0.067 0.017 0.017 0.022 0.014 0.1193518 0.08632503 0.119 0.086 0.14514726 0.10343992 0.145 0.103 0.07 0.067 0.022 0.014
4XNV_BUR 2015-04-01 340 675 599.88 0.138 0.108 0.066 0.064 0.016 0.016 0.026 0.015 0.09303266 0.08940015 0.093 0.089 0.04313936 0.03389161 0.043 0.034 0.04313936 0.03389161 0.026 0.015
4BVC_BV5 2014-07-09 79 663 607.01 0.025 0.024 0.040 0.035 0.014 0.014 0.040 0.035 0.20985574 0.16478132 0.175 0.145 0.20074812 0.15372793 0.177 0.148 0.04 0.035 0.04 0.035
6AUM_BXV 2018-02-07 547 766 668.16 0.120 0.057 0.069 0.041 0.031 0.031 0.069 0.041 0.19180793 0.15296707 0.192 0.153 0.16699989 0.12820005 0.167 0.128 0.069 0.041 0.069 0.041
6EYK_C5K 2018-11-21 280 704 631.62 0.221 0.173 0.094 0.083 0.081 0.081 0.059 0.043 0.08469992 0.06349397 0.085 0.063 0.07903074 0.06664246 0.079 0.067 0.07903074 0.06664246 0.059 0.043
1OQ5_CEL 2004-03-23 256 750 678.28 0.020 0.019 0.260 0.131 0.011 0.011 0.253 0.122 0.10227171 0.09400222 0.102 0.094 0.10312467 0.09392394 0.103 0.094 0.10312467 0.09392394 0.103 0.094
2B53_D23 2005-10-11 294 829 755.81 0.077 0.066 0.102 0.078 0.042 0.042 0.060 0.034 0.19993342 0.17821385 0.200 0.110 0.19923766 0.17934649 0.162 0.109 0.102 0.078 0.06 0.034
3GZ9_D32 2009-06-30 262 699 627.90 0.119 0.106 0.039 0.025 0.075 0.075 0.039 0.025 0.09657557 0.0856624 0.097 0.086 0.09725757 0.08324491 0.097 0.083 0.039 0.025 0.039 0.025
2GZ7_D3F 2006-08-29 306 705 628.79 0.073 0.051 0.635 0.164 0.050 0.050 0.531 0.147 0.2623699 0.23148869 0.145 0.134 0.26068336 0.23018345 0.115 0.102 0.26068336 0.164 0.115 0.102
5QB7_D6A 2020-04-22 330 693 620.59 0.019 0.012 0.107 0.106 0.014 0.014 0.027 0.021 0.14420047 0.13332655 0.144 0.125 0.14325331 0.1332164 0.143 0.118 0.107 0.106 0.027 0.021
6FEX_D6Z 2018-11-28 289 751 677.36 0.085 0.080 0.019 0.014 0.032 0.032 0.019 0.014 0.0610251 0.04647658 0.061 0.046 0.07115237 0.06039969 0.071 0.060 0.019 0.014 0.019 0.014
4ZZY_D7N 2015-08-12 351 689 616.42 0.182 0.177 0.097 0.091 0.096 0.096 0.097 0.085 0.05993624 0.04113751 0.060 0.041 0.08513308 0.06404839 0.085 0.041 0.08513308 0.06404839 0.085 0.041
5A00_D7N 2015-08-12 340 756 681.21 0.140 0.133 0.149 0.140 0.044 0.044 0.111 0.104 0.11172069 0.10095368 0.112 0.096 0.11094247 0.09864921 0.111 0.099 0.11094247 0.09864921 0.111 0.099
3IW5_DF3 2009-11-17 336 959 884.96 0.209 0.149 0.672 0.401 0.204 0.204 0.669 0.378 0.10747173 0.09561698 0.107 0.096 0.09057312 0.07449105 0.091 0.074 0.09057312 0.07449105 0.091 0.074
4CKR_DI1 2014-01-15 295 727 653.96 0.139 0.133 0.054 0.051 0.048 0.048 0.053 0.051 0.07253829 0.0670821 0.073 0.067 0.07255653 0.06879396 0.073 0.069 0.054 0.051 0.053 0.051
6FIO_DJH 2018-11-28 307 783 709.10 0.149 0.144 0.054 0.053 0.032 0.032 0.052 0.052 0.06885233 0.06413049 0.069 0.064 0.06850868 0.06416849 0.069 0.064 0.054 0.053 0.052 0.052
6LTK_E0G 2021-01-27 208 738 678.61 0.042 0.037 0.090 0.087 0.019 0.019 0.065 0.063 0.06562829 0.0272421 0.066 0.027 0.07163589 0.03361358 0.072 0.034 0.07163589 0.03361358 0.065 0.034
6FR2_E3N 2018-09-12 319 708 633.86 0.039 0.034 0.135 0.125 0.033 0.033 0.092 0.083 0.39620718 0.16310605 0.133 0.127 0.39753535 0.16784294 0.151 0.146 0.135 0.125 0.092 0.083
2XNO_ED8 2011-03-30 251 766 693.69 0.250 0.217 0.129 0.096 0.073 0.073 0.090 0.060 0.55777705 0.32936993 0.441 0.155 0.43931916 0.14930025 0.439 0.149 0.129 0.096 0.09 0.06
6BXY_EEV 2018-11-28 468 736 662.30 0.124 0.116 0.052 0.049 0.024 0.024 0.051 0.048 0.0742645 0.06740943 0.074 0.067 0.33240062 0.18358336 0.084 0.080 0.052 0.049 0.051 0.048
6LI0_EN6 2020-02-26 441 755 679.41 0.617 0.404 2.792 0.260 0.364 0.364 2.244 0.169 0.0760133 0.06984299 0.076 0.070 2.8029573 0.20131363 2.669 0.178 2.792 0.20131363 2.244 0.169
1P2S_ETF 2003-08-05 166 717 658.25 0.163 0.145 0.293 0.043 0.046 0.046 0.293 0.043 1.2519962 0.0396223 0.963 0.031 1.2488536 0.04242384 0.724 0.029 0.293 0.04242384 0.293 0.029
6GPS_F7N 2019-01-02 330 747 673.27 0.259 0.217 0.041 0.018 0.032 0.032 0.036 0.014 0.17296638 0.16744472 0.173 0.161 0.16156997 0.15837 0.041 0.034 0.041 0.018 0.036 0.014
3FR4_F8A 2009-03-10 131 724 667.40 0.038 0.037 0.082 0.077 0.032 0.032 0.040 0.035 0.09253608 0.07231338 0.093 0.041 0.092636 0.07514057 0.093 0.042 0.082 0.07514057 0.04 0.035
3PCW_FBF 2011-10-19 330 749 676.58 0.018 0.014 0.112 0.052 0.028 0.028 0.097 0.052 0.7926301 0.09292814 0.684 0.060 0.77140415 0.03510457 0.700 0.035 0.112 0.03510457 0.097 0.035
4YCT_FBF 2016-03-02 328 709 638.96 0.062 0.037 0.161 0.131 0.077 0.077 0.122 0.060 0.7734269 0.11239353 0.773 0.084 0.7714381 0.12140881 0.771 0.073 0.161 0.12140881 0.122 0.06
2EVC_FC3 2006-03-28 259 662 589.96 0.032 0.028 0.082 0.075 0.023 0.023 0.035 0.025 0.11959062 0.11507703 0.120 0.090 0.12109279 0.11540127 0.121 0.112 0.082 0.075 0.035 0.025
5HMR_FDZ 2016-07-27 447 757 681.08 0.099 0.097 0.564 0.070 0.050 0.050 0.547 0.070 0.7583238 0.13602686 0.400 0.076 0.892819 0.10637586 0.800 0.106 0.564 0.07 0.547 0.07
7C04_FEU 2020-07-08 223 685 627.63 0.109 0.108 0.032 0.012 0.051 0.051 0.032 0.012 0.21813624 0.20675646 0.101 0.067 0.21854173 0.20723614 0.111 0.085 0.032 0.012 0.032 0.012
5EAU_FFF 1998-04-08 523 780 683.24 0.049 0.047 0.452 0.202 0.038 0.038 0.406 0.202 0.41236636 0.25042182 0.291 0.130 0.30089304 0.17335571 0.301 0.173 0.30089304 0.17335571 0.301 0.173
4HY6_FJ1 2013-05-15 208 626 568.22 0.020 0.020 0.134 0.124 0.013 0.013 0.120 0.111 0.47081566 0.09328632 0.067 0.004 0.47802976 0.0934027 0.038 0.000 0.134 0.0934027 0.038 0.0
6CVH_FJG 2018-04-25 227 669 598.96 0.216 0.213 0.115 0.095 0.122 0.122 0.115 0.095 0.33840212 0.22555846 0.338 0.193 0.33904865 0.22338986 0.339 0.198 0.115 0.095 0.115 0.095
5TD7_FKS 2017-05-24 626 773 674.27 2.184 1.794 0.141 0.126 0.022 0.022 0.109 0.097 0.22946203 0.1762371 0.190 0.165 0.22665946 0.17948906 0.200 0.158 0.141 0.126 0.109 0.097
2PIX_FLF 2007-09-25 248 770 675.58 0.048 0.041 3.020 0.164 0.037 0.037 3.019 0.164 0.77984923 0.1349752 0.307 0.135 3.072838 0.16192572 2.949 0.115 3.02 0.16192572 2.949 0.115
1BCD_FMS 1993-10-31 258 699 628.97 0.027 0.026 0.272 0.108 0.014 0.014 0.112 0.107 0.23865639 0.01344229 0.049 0.013 0.2389328 0.01143966 0.148 0.011 0.2389328 0.01143966 0.112 0.011
3WF7_FS9 2014-08-06 289 787 714.57 0.828 0.689 0.295 0.067 0.522 0.522 0.050 0.031 0.20322834 0.18542643 0.071 0.052 0.29804927 0.2418905 0.081 0.056 0.295 0.067 0.05 0.031
6D26_FSY 2018-10-03 447 710 635.93 0.635 0.536 0.051 0.035 0.046 0.045 0.033 0.027 0.30904013 0.27875075 0.051 0.028 0.29039127 0.26415175 0.057 0.029 0.051 0.035 0.033 0.027
6H8S_FSZ 2018-09-26 291 721 649.18 0.110 0.104 0.082 0.071 0.032 0.032 0.075 0.034 0.14681779 0.1262435 0.121 0.105 0.6041541 0.11176767 0.130 0.081 0.082 0.071 0.075 0.034
4ENH_FVX 2012-08-22 426 720 644.26 0.086 0.080 0.643 0.147 0.095 0.095 0.299 0.083 0.7369704 0.2039834 0.642 0.160 0.63982207 0.16264623 0.640 0.124 0.63982207 0.147 0.299 0.083
4MM9_FVX 2013-10-16 499 759 661.94 0.095 0.093 0.153 0.149 0.050 0.050 0.151 0.146 0.18812323 0.14315607 0.097 0.082 0.18608792 0.1425817 0.131 0.111 0.153 0.1425817 0.131 0.111
3PMW_G69 2011-01-12 261 714 643.84 0.353 0.237 0.097 0.082 0.034 0.034 0.073 0.063 0.39036575 0.265827 0.207 0.190 0.20493564 0.1872678 0.205 0.187 0.097 0.082 0.073 0.063
6HKM_G92 2019-02-27 327 791 717.65 0.988 0.410 0.385 0.083 0.704 0.704 0.333 0.056 0.10208834 0.07018661 0.102 0.057 0.12806913 0.10995869 0.128 0.091 0.12806913 0.083 0.128 0.056
6HKN_G9E 2019-02-27 333 735 659.32 0.989 0.411 0.385 0.111 0.706 0.706 0.129 0.034 0.05063473 0.03977844 0.051 0.040 0.05523665 0.04279222 0.055 0.043 0.05523665 0.04279222 0.055 0.034
6HO0_GFK 2018-12-26 187 735 677.16 0.135 0.098 0.086 0.066 0.158 0.158 0.067 0.031 0.09178285 0.08716935 0.092 0.087 0.09090974 0.08780848 0.091 0.088 0.086 0.066 0.067 0.031
6HO4_GFQ 2018-12-26 190 710 654.70 0.044 0.033 0.018 0.015 0.019 0.019 0.016 0.010 0.14315327 0.13826844 0.107 0.100 0.14025374 0.13381113 0.116 0.109 0.018 0.015 0.016 0.01
6HO8_GG8 2018-12-26 188 728 669.47 0.093 0.092 0.020 0.016 0.045 0.045 0.019 0.013 0.11291603 0.09931011 0.113 0.099 0.07638057 0.05510525 0.076 0.055 0.02 0.016 0.019 0.013
6HO6_GGK 2018-12-26 187 722 664.41 0.131 0.108 0.106 0.070 0.175 0.175 0.088 0.038 0.08077572 0.06920256 0.081 0.069 0.08510711 0.07507896 0.085 0.075 0.08510711 0.07 0.085 0.038
6HOA_GGN 2018-12-26 191 649 581.46 0.045 0.033 0.040 0.036 0.023 0.023 0.039 0.036 0.1851074 0.16992071 0.056 0.039 0.1943579 0.17883207 0.079 0.074 0.04 0.036 0.039 0.036
4AFE_GGY 2012-04-25 253 843 769.70 0.194 0.187 0.103 0.086 0.080 0.080 0.074 0.066 0.13787964 0.10829216 0.138 0.108 0.13224937 0.09739899 0.105 0.089 0.103 0.086 0.074 0.066
6HOE_GH2 2018-12-26 187 696 638.35 0.137 0.113 0.079 0.015 0.177 0.177 0.074 0.013 0.13435492 0.13110049 0.134 0.121 0.14966908 0.14026995 0.150 0.125 0.079 0.015 0.074 0.013
6HNZ_GH5 2018-12-26 186 695 638.53 0.093 0.091 0.034 0.018 0.151 0.151 0.028 0.017 0.08476464 0.04544952 0.085 0.045 0.09743962 0.04655818 0.097 0.047 0.034 0.018 0.028 0.017
6HO9_GHB 2018-12-26 186 679 621.03 0.132 0.102 0.091 0.064 0.161 0.161 0.065 0.018 0.10330552 0.08532892 0.103 0.085 0.16317247 0.14500597 0.091 0.078 0.091 0.064 0.065 0.018
6HO2_GHN 2018-12-26 187 736 677.10 0.105 0.093 0.085 0.065 0.149 0.149 0.057 0.026 0.11737046 0.10126018 0.117 0.101 0.13383432 0.1072664 0.134 0.107 0.085 0.065 0.057 0.026
6HO7_GHQ 2018-12-26 191 722 666.26 0.032 0.030 0.041 0.020 0.016 0.016 0.038 0.018 0.16251227 0.13427587 0.108 0.046 0.15574642 0.13596284 0.102 0.056 0.041 0.02 0.038 0.018
6HO3_GJ2 2018-12-26 191 623 564.77 0.041 0.029 0.063 0.062 0.021 0.021 0.063 0.062 0.1138896 0.10982148 0.114 0.110 0.10484287 0.09866165 0.105 0.099 0.063 0.062 0.063 0.062
6HOB_GJ5 2018-12-26 191 653 597.41 0.037 0.032 0.096 0.095 0.018 0.018 0.096 0.095 0.12815878 0.12540592 0.096 0.090 0.12990122 0.12531273 0.056 0.048 0.096 0.095 0.056 0.048
6HOF_GJ8 2018-12-26 191 786 726.87 0.037 0.030 0.043 0.042 0.021 0.021 0.041 0.038 0.11774248 0.11523891 0.118 0.115 0.09687876 0.09486335 0.097 0.095 0.043 0.042 0.041 0.038
6HOC_GJE 2018-12-26 186 695 638.93 0.104 0.102 0.049 0.029 0.109 0.109 0.046 0.027 0.11325136 0.08436345 0.113 0.084 0.20598128 0.1195721 0.121 0.082 0.049 0.029 0.046 0.027
1FDK_GLE 1998-10-14 123 578 520.70 0.067 0.065 0.379 0.188 0.028 0.028 0.379 0.185 0.43302703 0.2525832 0.433 0.229 0.52298516 0.26504508 0.486 0.211 0.379 0.188 0.379 0.185
4UIW_H1B 2015-04-22 101 607 549.81 0.018 0.017 0.016 0.008 0.016 0.016 0.016 0.008 0.23075771 0.1726268 0.093 0.084 0.23115773 0.17284429 0.066 0.057 0.016 0.008 0.016 0.008
6I8Z_H82 2019-02-20 261 816 743.97 0.072 0.060 0.023 0.015 0.060 0.060 0.023 0.012 0.18118443 0.17965737 0.033 0.025 0.18091553 0.1793927 0.070 0.064 0.023 0.015 0.023 0.012
4PF3_HFN 2014-11-26 249 769 698.67 0.084 0.081 0.023 0.013 0.020 0.020 0.022 0.011 0.04676538 0.04200392 0.047 0.042 0.0491598 0.04309987 0.049 0.043 0.023 0.013 0.022 0.011
2AX6_HFT 2005-09-20 242 615 542.91 0.087 0.084 0.108 0.108 0.022 0.022 0.018 0.010 0.08806784 0.07811432 0.088 0.078 0.10586575 0.09391008 0.106 0.094 0.10586575 0.09391008 0.018 0.01
4OGH_HFT 2014-08-20 242 736 665.28 0.066 0.065 0.067 0.064 0.020 0.020 0.041 0.039 0.12896109 0.11798223 0.129 0.118 0.11461057 0.09686816 0.115 0.097 0.067 0.064 0.041 0.039
1XZ1_HLT 2005-05-10 168 748 689.93 0.116 0.107 2.231 0.117 0.021 0.021 0.226 0.077 0.32757124 0.16218628 0.242 0.055 2.9351225 0.01361055 1.999 0.014 2.231 0.01361055 0.226 0.014
2KUG_HLT 2010-03-09 76 718 661.86 0.353 0.318 0.478 0.007 0.215 0.215 0.464 0.007 0.77294576 0.16351886 0.688 0.053 0.7773296 0.05686538 0.657 0.049 0.478 0.007 0.464 0.007
2KUH_HLT 2010-03-09 67 656 599.50 0.502 0.471 0.313 0.117 0.369 0.369 0.313 0.094 1.2270002 0.08040877 1.045 0.032 1.2399002 0.07821166 1.036 0.024 0.313 0.07821166 0.313 0.024
4UVD_HRW 2015-09-30 268 718 646.20 0.048 0.032 0.948 0.205 0.040 0.040 0.866 0.185 0.98515356 0.1710053 0.985 0.171 1.0354708 0.26177102 0.995 0.224 0.948 0.205 0.866 0.185
5VJ3_HV9 2018-04-18 99 695 638.32 0.098 0.071 1.102 0.142 0.083 0.083 0.859 0.142 0.9528199 0.20336868 0.703 0.051 0.7393346 0.13323739 0.696 0.113 0.7393346 0.13323739 0.696 0.113
2POW_I7C 2007-07-24 257 688 613.62 0.025 0.023 0.109 0.105 0.013 0.013 0.076 0.070 0.49989998 0.12809187 0.100 0.040 0.50457823 0.09594839 0.100 0.040 0.109 0.09594839 0.076 0.04
3SHE_I85 2011-12-14 270 753 681.01 0.143 0.138 0.202 0.179 0.056 0.056 0.064 0.055 0.19825538 0.17915754 0.068 0.063 0.19619483 0.17945258 0.029 0.009 0.19619483 0.179 0.029 0.009
3DZQ_IFC 2008-08-26 268 874 802.88 0.343 0.312 0.068 0.038 0.203 0.203 0.060 0.038 0.08880576 0.08553838 0.089 0.086 0.05776437 0.05424203 0.058 0.054 0.05776437 0.038 0.058 0.038
3O15_IFP 2011-07-27 219 672 612.97 0.065 0.059 0.122 0.112 0.069 0.069 0.119 0.112 0.94058967 0.05434492 0.128 0.054 0.9374882 0.13118191 0.105 0.067 0.122 0.112 0.105 0.067
5A8Z_IUL 2016-08-03 215 703 643.69 0.042 0.040 0.069 0.066 0.043 0.043 0.042 0.036 0.07278685 0.07193388 0.073 0.022 0.07270733 0.07185215 0.073 0.067 0.069 0.066 0.042 0.036
5A8X_IUY 2016-08-03 215 655 594.86 0.039 0.038 0.103 0.101 0.019 0.019 0.068 0.066 0.08333143 0.08188368 0.083 0.082 0.07948273 0.07832431 0.079 0.078 0.07948273 0.07832431 0.068 0.066
2VEU_IZ1 2007-11-06 297 705 631.54 0.049 0.046 0.248 0.191 0.019 0.019 0.221 0.167 0.5955219 0.4002089 0.451 0.300 0.59897864 0.39267883 0.524 0.315 0.248 0.191 0.221 0.167
6QGJ_J1T 2019-06-12 146 737 678.00 0.908 0.833 0.155 0.103 0.223 0.223 0.100 0.082 0.27171868 0.21863206 0.245 0.193 0.18841143 0.16027884 0.188 0.160 0.155 0.103 0.1 0.082
6EBE_J3V 2018-11-28 257 728 655.46 0.025 0.024 0.075 0.066 0.017 0.017 0.043 0.039 0.35918868 0.16866404 0.177 0.114 0.35418582 0.18425578 0.159 0.114 0.075 0.066 0.043 0.039
6EDA_J3V 2018-11-28 257 678 605.04 0.025 0.024 0.075 0.066 0.017 0.017 0.043 0.039 0.35939753 0.167008 0.177 0.114 0.3547203 0.18422897 0.166 0.112 0.075 0.066 0.043 0.039
3I6R_J5Z 2009-07-28 376 744 670.70 0.103 0.087 0.034 0.013 0.048 0.048 0.034 0.013 0.27751234 0.13705333 0.082 0.066 0.2755886 0.14087941 0.082 0.067 0.034 0.013 0.034 0.013
7EPE_J9R 2021-06-23 389 691 617.17 0.134 0.074 0.037 0.035 0.030 0.030 0.037 0.035 0.06195696 0.05704691 0.062 0.057 0.03473303 0.02867338 0.035 0.029 0.03473303 0.02867338 0.035 0.029
6MAW_JC7 2019-09-04 159 689 632.33 0.088 0.075 0.079 0.076 0.041 0.041 0.022 0.007 0.11063463 0.09244993 0.111 0.092 0.10705599 0.0874537 0.107 0.087 0.079 0.076 0.022 0.007
5A09_JJD 2015-08-19 218 700 639.32 0.042 0.038 0.022 0.020 0.027 0.027 0.022 0.020 0.12830308 0.12046746 0.128 0.081 0.12993746 0.12061299 0.130 0.098 0.022 0.02 0.022 0.02
5A0A_JJS 2015-08-19 216 749 690.39 0.069 0.064 0.066 0.061 0.097 0.097 0.035 0.025 0.0535705 0.04796173 0.054 0.048 0.08949478 0.08574308 0.089 0.085 0.066 0.061 0.035 0.025
5A0B_JJX 2015-08-19 215 666 607.25 0.045 0.044 0.092 0.070 0.042 0.042 0.092 0.070 0.2161989 0.1416704 0.216 0.142 0.21464372 0.14113085 0.215 0.141 0.092 0.07 0.092 0.07
3NK8_JKZ 2010-11-10 223 747 688.08 0.014 0.013 0.102 0.082 0.014 0.014 0.101 0.081 0.3223316 0.08070474 0.209 0.005 0.3221768 0.08171441 0.211 0.009 0.102 0.08171441 0.101 0.009
5QEP_JL7 2018-10-10 284 703 630.06 0.045 0.042 3.072 0.089 0.009 0.009 0.681 0.027 0.938955 0.10149688 0.698 0.044 3.3660026 0.14648582 2.655 0.061 3.072 0.089 0.681 0.027
5QF6_JNY 2018-10-10 284 756 684.73 0.049 0.046 0.081 0.077 0.008 0.008 0.080 0.077 0.31654298 0.08745148 0.090 0.077 0.3056746 0.08657895 0.091 0.076 0.081 0.077 0.08 0.076
4A4X_JUP 2012-04-25 253 836 763.42 0.199 0.192 0.081 0.078 0.084 0.084 0.070 0.068 0.08594169 0.07536367 0.086 0.075 0.21288799 0.17301352 0.091 0.076 0.081 0.078 0.07 0.068
6RB1_JWQ 2020-04-08 329 774 699.64 0.045 0.035 0.075 0.064 0.021 0.021 0.039 0.009 0.8788545 0.2405243 0.144 0.140 0.885344 0.22520962 0.221 0.107 0.075 0.064 0.039 0.009
4UWH_JXM 2014-11-26 554 772 677.21 0.649 0.613 0.115 0.114 0.035 0.035 0.065 0.063 0.09775037 0.09326606 0.098 0.093 0.09659604 0.09296256 0.097 0.093 0.09659604 0.09296256 0.065 0.063
5QSA_K2P 2019-08-21 171 716 660.13 0.053 0.033 3.023 0.101 0.045 0.045 0.156 0.072 0.09472077 0.08621972 0.095 0.066 2.950443 0.09943797 2.950 0.056 2.950443 0.09943797 0.156 0.056
6JFR_K3U 2020-02-12 183 732 673.72 0.027 0.026 0.161 0.139 0.020 0.020 0.134 0.117 0.5082039 0.284931 0.412 0.230 0.49915972 0.28340295 0.408 0.236 0.161 0.139 0.134 0.117
6N0K_K8M 2019-07-10 288 685 611.56 0.026 0.023 0.052 0.040 0.018 0.018 0.046 0.036 1.0062793 0.28801778 0.042 0.032 0.9998212 0.20128763 0.094 0.091 0.052 0.04 0.046 0.036
6RNR_KBN 2020-04-15 266 683 611.04 0.070 0.069 2.215 0.083 0.016 0.016 2.215 0.075 0.85556793 0.02113192 0.659 0.014 2.4693274 0.01456303 2.361 0.015 2.215 0.01456303 2.215 0.015
6N3Z_KC4 2019-11-20 336 691 617.71 0.055 0.050 0.108 0.105 0.034 0.034 0.108 0.100 1.2661918 0.11858778 0.166 0.104 1.269297 0.12068699 0.168 0.104 0.108 0.105 0.108 0.1
6N5G_KDS 2019-11-20 336 740 665.06 0.058 0.056 0.099 0.068 0.041 0.041 0.088 0.063 1.2545363 0.15724212 0.079 0.075 1.2602963 0.15587625 0.082 0.036 0.099 0.068 0.082 0.036
6SAL_L3E 2019-12-25 242 695 624.93 0.058 0.050 0.099 0.091 0.060 0.060 0.074 0.065 0.02365149 0.01475284 0.024 0.015 0.02083861 0.01368821 0.021 0.014 0.02083861 0.01368821 0.021 0.014
6T4G_L3E 2020-11-25 241 744 672.11 0.058 0.044 0.103 0.101 0.046 0.046 0.089 0.087 0.10653982 0.10386096 0.107 0.104 0.10267986 0.10179713 0.103 0.102 0.10267986 0.101 0.089 0.087
6T4J_L3E 2020-11-18 241 753 680.79 0.042 0.039 0.098 0.091 0.048 0.048 0.098 0.091 0.0915655 0.09000945 0.092 0.090 0.0907079 0.08987841 0.091 0.090 0.0907079 0.08987841 0.091 0.09
6T4T_L3E 2020-11-18 241 638 567.36 0.041 0.038 0.097 0.088 0.047 0.047 0.097 0.088 0.07341278 0.0713459 0.073 0.071 0.07294156 0.07018608 0.073 0.070 0.07294156 0.07018608 0.073 0.07
6T4X_L3E 2020-11-18 241 659 588.86 0.043 0.041 0.075 0.063 0.050 0.050 0.052 0.032 0.06744498 0.06606045 0.067 0.066 0.07068496 0.06815045 0.071 0.068 0.07068496 0.063 0.052 0.032
6SBT_L5H 2019-10-30 249 772 700.06 0.077 0.073 0.079 0.059 0.040 0.040 0.067 0.059 0.6422425 0.13356957 0.517 0.114 0.640903 0.1337067 0.136 0.113 0.079 0.059 0.067 0.059
6SC0_L5Q 2020-08-26 316 702 629.63 0.023 0.017 0.085 0.081 0.012 0.012 0.085 0.081 0.43365216 0.13853955 0.406 0.039 0.43616292 0.13731211 0.203 0.114 0.085 0.081 0.085 0.081
4CC6_L5Y 2014-06-18 308 767 693.90 0.143 0.126 0.092 0.070 0.057 0.057 0.092 0.068 0.12741895 0.10908042 0.127 0.088 0.11667106 0.10170335 0.117 0.083 0.092 0.07 0.092 0.068
6SCM_L7H 2020-08-26 469 772 694.51 0.174 0.134 0.058 0.055 0.020 0.020 0.025 0.013 0.0893449 0.0844733 0.089 0.084 0.09183779 0.08703302 0.092 0.087 0.058 0.055 0.025 0.013
6NWU_L7J 2019-07-10 259 746 675.91 0.047 0.043 0.065 0.061 0.025 0.025 0.038 0.034 0.0793238 0.07721543 0.079 0.077 0.07845683 0.07725672 0.078 0.077 0.065 0.061 0.038 0.034
6SFK_LB8 2019-09-11 339 969 893.76 0.137 0.122 0.107 0.093 0.168 0.168 0.051 0.019 0.10846111 0.10411457 0.108 0.101 0.10585256 0.10218456 0.106 0.097 0.10585256 0.093 0.051 0.019
6SQ5_LRW 2020-04-22 267 732 661.01 0.034 0.026 0.389 0.122 0.031 0.031 0.164 0.044 0.15957478 0.08036601 0.160 0.080 0.2314255 0.10369167 0.136 0.068 0.2314255 0.10369167 0.136 0.044
6O9O_LUP 2020-03-18 426 729 655.47 0.038 0.034 1.567 0.251 0.025 0.025 1.567 0.251 0.44783935 0.24667656 0.313 0.198 1.765134 0.2641867 1.560 0.231 1.567 0.251 1.56 0.231
6P6G_LUP 2020-01-15 426 762 684.87 0.038 0.034 1.567 0.251 0.025 0.025 1.567 0.251 0.44585446 0.24735232 0.306 0.164 1.7668794 0.26175132 1.504 0.192 1.567 0.251 1.504 0.192
5QS2_LV4 2019-07-10 171 708 648.85 0.029 0.022 0.657 0.096 0.012 0.012 0.601 0.073 0.67765504 0.12636214 0.678 0.051 0.6788044 0.12619361 0.608 0.042 0.657 0.096 0.601 0.042
5RHT_LV4 2020-06-10 435 758 686.15 0.101 0.029 4.447 0.119 0.035 0.035 0.126 0.080 0.38684207 0.15090406 0.183 0.068 4.508522 0.13957335 4.148 0.038 4.447 0.119 0.126 0.038
4BPM_LVJ 2014-04-16 162 766 709.45 0.645 0.596 2.405 0.358 0.015 0.015 2.331 0.279 1.0759479 0.18571879 0.253 0.186 2.6147778 0.21338728 2.382 0.124 2.405 0.21338728 2.331 0.124
4WAB_LVJ 2014-12-10 161 695 637.23 0.523 0.464 2.406 0.321 0.019 0.019 2.313 0.251 0.24212903 0.16227701 0.242 0.126 2.375547 0.28633162 2.376 0.164 2.375547 0.28633162 2.313 0.164
2W0W_LZS 2009-11-17 451 763 684.82 0.221 0.170 7.110 0.169 0.079 0.079 6.383 0.157 0.26198986 0.23793289 0.162 0.150 7.038312 0.24507624 6.930 0.192 7.038312 0.169 6.383 0.157
6OC0_M4J 2019-11-13 365 758 682.50 0.051 0.045 0.174 0.108 0.025 0.025 0.105 0.054 0.82359034 0.11133026 0.101 0.062 0.8237399 0.11158193 0.118 0.088 0.174 0.108 0.105 0.054
5K9C_MLJ 2016-10-12 355 763 687.48 0.140 0.134 0.588 0.275 0.033 0.033 0.580 0.265 0.1024443 0.0949355 0.102 0.095 0.09667809 0.09460046 0.097 0.095 0.09667809 0.09460046 0.097 0.095
3O23_MQY 2011-05-04 293 685 610.58 0.189 0.157 0.087 0.068 0.104 0.104 0.077 0.059 0.0347793 0.01518194 0.035 0.015 0.02726028 0.0166428 0.027 0.017 0.02726028 0.0166428 0.027 0.017
2OSC_MUH 2007-03-20 255 740 669.66 0.564 0.392 0.276 0.023 0.683 0.683 0.276 0.020 0.04081089 0.02822576 0.041 0.028 0.03929906 0.02619179 0.039 0.026 0.03929906 0.023 0.039 0.02
1TD7_NFL 2004-06-08 119 732 673.16 0.055 0.051 0.273 0.090 0.053 0.053 0.063 0.026 0.60913426 0.21853174 0.310 0.133 0.60858756 0.22070585 0.286 0.128 0.273 0.09 0.063 0.026
4O91_NG2 2014-07-30 293 895 821.66 0.097 0.073 0.028 0.020 0.043 0.043 0.028 0.020 0.07013433 0.04778688 0.070 0.048 0.06676865 0.04355209 0.067 0.044 0.028 0.02 0.028 0.02
6P3P_NQJ 2019-07-03 150 735 678.44 0.046 0.040 0.057 0.052 0.034 0.034 0.026 0.020 0.419919 0.30921122 0.097 0.093 0.41193774 0.291095 0.086 0.076 0.057 0.052 0.026 0.02
1WW3_NTF 2005-12-13 809 819 691.10 0.058 0.057 0.042 0.017 0.021 0.021 0.042 0.009 0.06374712 0.05069758 0.064 0.051 0.12423009 0.11100403 0.124 0.039 0.042 0.017 0.042 0.009
3O6H_O25 2010-09-15 261 686 613.94 0.331 0.218 0.908 0.215 0.035 0.035 0.902 0.210 0.9644611 0.17251316 0.883 0.173 0.9554912 0.17781235 0.875 0.178 0.908 0.17781235 0.875 0.178
3O6G_O27 2010-09-15 263 739 667.18 0.342 0.230 0.078 0.051 0.031 0.031 0.078 0.051 0.88967186 0.3283573 0.802 0.182 0.8876804 0.32019374 0.157 0.134 0.078 0.051 0.078 0.051
3O28_O28 2010-09-15 260 686 616.25 0.353 0.226 0.273 0.215 0.037 0.037 0.082 0.063 0.8686719 0.20773333 0.720 0.152 0.8729348 0.20966737 0.716 0.149 0.273 0.20966737 0.082 0.063
3O29_O29 2010-09-15 263 729 656.69 0.386 0.256 0.357 0.252 0.035 0.035 0.357 0.241 0.90535927 0.35063937 0.771 0.263 0.9026842 0.34997597 0.765 0.258 0.357 0.252 0.357 0.241
3O2A_O30 2010-09-15 262 754 681.77 0.398 0.272 1.747 0.267 0.036 0.036 1.724 0.256 0.73359597 0.32495627 0.734 0.236 1.6728783 0.28291017 1.673 0.283 1.6728783 0.267 1.673 0.256
3O0U_O47 2011-03-30 215 767 709.70 0.030 0.028 0.060 0.028 0.028 0.028 0.056 0.024 0.82604134 0.1832667 0.164 0.134 0.83448553 0.22427557 0.174 0.143 0.06 0.028 0.056 0.024
3O8A_O8A 2010-08-18 375 754 681.19 0.107 0.088 0.048 0.044 0.062 0.062 0.048 0.044 0.07854118 0.07613672 0.079 0.076 0.08143297 0.07906052 0.081 0.079 0.048 0.044 0.048 0.044
3OVZ_O96 2010-12-22 213 687 626.56 0.041 0.038 0.104 0.096 0.027 0.027 0.104 0.096 0.1747394 0.15129314 0.121 0.101 0.17626023 0.15103258 0.124 0.100 0.104 0.096 0.104 0.096
6YAA_OHW 2020-05-20 994 1192 1020.19 0.180 0.118 0.143 0.131 0.044 0.044 0.141 0.111 0.12314245 0.09011009 0.123 0.090 0.09768898 0.06033871 0.098 0.060 0.09768898 0.06033871 0.098 0.06
6YAP_OHZ 2020-10-14 451 732 656.07 0.112 0.109 0.121 0.106 0.053 0.053 0.111 0.090 0.8786349 0.1135955 0.181 0.113 0.88410884 0.08305582 0.188 0.083 0.121 0.08305582 0.111 0.083
6YAQ_OHZ 2020-10-14 499 781 682.74 0.115 0.100 0.128 0.086 0.037 0.037 0.125 0.086 0.39043215 0.1252264 0.274 0.113 0.39189717 0.1256072 0.275 0.113 0.128 0.086 0.125 0.086
6YAO_OJ2 2020-10-14 453 768 692.09 0.151 0.150 0.209 0.145 0.108 0.108 0.207 0.145 0.9565622 0.11561238 0.285 0.076 0.28138536 0.22772981 0.281 0.068 0.209 0.145 0.207 0.068
6PIB_OKV 2020-02-12 245 616 544.47 0.124 0.108 0.041 0.026 0.033 0.033 0.041 0.026 0.0823433 0.07525624 0.082 0.075 0.0665947 0.05850495 0.067 0.059 0.041 0.026 0.041 0.026
6PJ3_OKY 2020-02-12 242 668 598.55 0.210 0.181 0.042 0.026 0.088 0.088 0.042 0.026 0.2997452 0.26735198 0.073 0.067 0.25301203 0.22375564 0.068 0.063 0.042 0.026 0.042 0.026
6PL1_OOJ 2019-10-09 290 819 746.69 0.122 0.110 0.059 0.057 0.034 0.034 0.030 0.029 0.10997444 0.09718161 0.110 0.097 0.11367859 0.0970998 0.114 0.097 0.059 0.057 0.03 0.029
6PMB_OQM 2020-02-26 288 764 686.56 0.149 0.145 0.111 0.049 0.090 0.090 0.095 0.049 0.07414543 0.06748888 0.074 0.067 0.11884518 0.10892799 0.119 0.109 0.111 0.049 0.095 0.049
6PMA_OQS 2020-02-26 290 754 677.31 0.208 0.203 0.086 0.085 0.054 0.054 0.056 0.054 0.08017165 0.06554597 0.080 0.066 0.07963208 0.06705241 0.080 0.067 0.07963208 0.06705241 0.056 0.054
6YKU_OVB 2020-12-02 846 959 827.08 0.424 0.390 0.065 0.062 0.043 0.043 0.055 0.051 0.10178468 0.08806829 0.102 0.088 0.14065665 0.12580685 0.141 0.126 0.065 0.062 0.055 0.051
6YL4_OWW 2020-10-21 319 705 633.03 0.038 0.035 0.055 0.053 0.037 0.037 0.055 0.053 0.20396934 0.16168308 0.204 0.162 0.22037329 0.18278794 0.184 0.163 0.055 0.053 0.055 0.053
3OZS_OZS 2011-03-16 213 617 557.86 0.063 0.059 0.058 0.054 0.036 0.036 0.043 0.038 0.04402536 0.03284169 0.044 0.033 0.06370811 0.05886881 0.064 0.059 0.058 0.054 0.043 0.038
4R7H_P31 2015-08-12 308 762 691.36 0.852 0.739 0.376 0.197 1.021 1.021 0.305 0.195 0.09027037 0.08470839 0.090 0.085 0.09072772 0.08520038 0.091 0.085 0.09072772 0.08520038 0.091 0.085
7KHG_P31 2021-07-07 327 899 825.86 0.227 0.225 0.047 0.034 0.065 0.065 0.047 0.034 0.0416898 0.02360876 0.042 0.024 1.0226077 0.19864082 0.123 0.098 0.047 0.034 0.047 0.034
3EL7_PD3 2008-10-28 254 826 755.53 0.119 0.117 0.087 0.075 0.089 0.089 0.074 0.062 0.10093433 0.07091836 0.101 0.071 0.10804728 0.08704624 0.108 0.087 0.087 0.075 0.074 0.062
6YSK_PJK 2020-09-16 360 745 671.99 0.069 0.068 0.094 0.088 0.020 0.020 0.091 0.085 0.07675195 0.07098442 0.077 0.071 0.03418576 0.01759882 0.034 0.018 0.03418576 0.01759882 0.034 0.018
6U0D_POJ 2020-08-19 126 690 631.82 0.068 0.060 1.922 0.208 0.027 0.027 0.114 0.099 1.1072243 0.30075336 0.887 0.200 1.5299894 0.28179365 1.517 0.199 1.5299894 0.208 0.114 0.099
6YUY_PQH 2020-05-06 353 727 654.94 0.100 0.095 0.247 0.060 0.036 0.036 0.221 0.060 0.17894739 0.14082706 0.179 0.090 0.13558482 0.09020866 0.136 0.084 0.13558482 0.06 0.136 0.06
4P5Z_Q7M 2014-08-13 267 842 771.15 0.350 0.327 0.060 0.038 0.052 0.052 0.057 0.038 0.07415364 0.0607636 0.074 0.061 0.0686027 0.06069357 0.069 0.061 0.06 0.038 0.057 0.038
5MRM_Q9T 2017-07-19 211 666 598.45 0.376 0.320 0.062 0.020 0.039 0.039 0.062 0.020 0.12581809 0.11698093 0.126 0.112 0.1271226 0.11822295 0.127 0.117 0.062 0.02 0.062 0.02
4ACU_QN7 2012-02-29 372 681 609.66 0.057 0.055 0.059 0.056 0.029 0.029 0.059 0.056 0.1036642 0.08640434 0.104 0.086 0.09223787 0.08282797 0.092 0.083 0.059 0.056 0.059 0.056
6ZVL_QR2 2020-11-11 348 742 668.92 0.123 0.117 0.282 0.088 0.076 0.076 0.279 0.085 0.25754067 0.10696002 0.142 0.013 0.25917798 0.10686065 0.088 0.063 0.25917798 0.088 0.088 0.063
5UUU_QRW 2017-07-26 414 800 724.50 0.182 0.176 0.064 0.057 0.035 0.035 0.064 0.057 0.11673431 0.08415787 0.117 0.084 0.11532529 0.08551902 0.115 0.086 0.064 0.057 0.064 0.057
5IEV_R0N 2016-04-27 284 851 779.90 0.119 0.112 0.106 0.103 0.045 0.045 0.099 0.095 0.10044987 0.0915463 0.100 0.092 0.10552283 0.0985581 0.106 0.099 0.10552283 0.0985581 0.099 0.095
7ABU_R6Q 2020-12-02 306 710 638.02 0.293 0.292 4.435 0.102 0.154 0.154 0.526 0.102 1.2409998 0.2017711 0.554 0.166 4.5784492 0.2093971 4.523 0.078 4.435 0.102 0.526 0.078
2OO8_RAJ 2007-03-20 259 753 679.47 0.760 0.483 0.364 0.072 0.843 0.843 0.348 0.062 0.11979434 0.10491642 0.120 0.105 0.14098707 0.10611688 0.141 0.090 0.14098707 0.072 0.141 0.062
3BE2_RAJ 2008-04-08 290 857 786.98 0.220 0.177 0.094 0.092 0.049 0.049 0.066 0.064 0.18384632 0.14702708 0.093 0.080 0.1817902 0.14673223 0.100 0.092 0.094 0.092 0.066 0.064
4UWG_RBQ 2014-11-26 544 797 700.42 0.423 0.410 0.135 0.126 0.035 0.035 0.079 0.075 0.07726567 0.06777859 0.077 0.068 0.07831967 0.07457566 0.078 0.075 0.07831967 0.07457566 0.078 0.075
3GWV_RFX 2009-05-12 498 747 653.55 0.159 0.147 0.846 0.118 0.150 0.150 0.832 0.118 0.16522 0.12679784 0.136 0.098 0.16421647 0.12504767 0.164 0.125 0.16421647 0.118 0.164 0.118
4MM8_RFX 2013-10-16 498 779 683.22 0.087 0.082 0.136 0.132 0.042 0.042 0.133 0.129 0.19232902 0.16521035 0.179 0.126 0.17460386 0.14423454 0.175 0.144 0.136 0.132 0.133 0.129
3RLJ_RLJ 2011-05-04 247 692 623.61 0.033 0.031 0.094 0.092 0.026 0.026 0.028 0.018 0.10223354 0.09826921 0.102 0.098 0.0957851 0.09231671 0.096 0.092 0.094 0.092 0.028 0.018
3RLL_RLL 2011-05-04 238 688 617.08 0.039 0.037 0.058 0.055 0.023 0.023 0.023 0.016 0.02280708 0.01157031 0.023 0.012 0.01899032 0.01010754 0.019 0.010 0.01899032 0.01010754 0.019 0.01
6VVB_RQ4 2020-07-15 160 725 666.46 0.078 0.071 0.059 0.018 0.069 0.069 0.053 0.016 0.8550205 0.08517103 0.783 0.085 0.8539312 0.09132191 0.791 0.091 0.059 0.018 0.053 0.016
5R4W_RWP 2020-05-13 130 557 501.52 0.020 0.013 0.064 0.029 0.010 0.010 0.049 0.026 0.7921269 0.09553533 0.390 0.085 0.7875925 0.09644411 0.393 0.096 0.064 0.029 0.049 0.026
5MY8_RXZ 2017-05-10 355 744 670.81 0.236 0.231 0.114 0.110 0.050 0.050 0.064 0.058 0.24968293 0.18339302 0.106 0.104 0.25407836 0.1834231 0.106 0.103 0.114 0.11 0.064 0.058
3RYJ_RYJ 2011-08-10 257 722 651.51 0.018 0.018 0.086 0.084 0.009 0.010 0.086 0.084 0.0955956 0.05449899 0.096 0.054 0.09676709 0.05555307 0.097 0.056 0.086 0.05555307 0.086 0.056
7AVV_S2W 2021-03-24 445 741 665.50 1.877 0.919 0.064 0.062 0.019 0.019 0.031 0.026 0.07122283 0.06531487 0.071 0.065 0.0751595 0.06995746 0.075 0.070 0.064 0.062 0.031 0.026
7AW1_S4T 2021-03-03 268 706 636.37 0.253 0.240 0.123 0.085 0.108 0.108 0.073 0.065 1.468772 0.24558331 0.408 0.239 0.43409428 0.2730614 0.434 0.237 0.123 0.085 0.073 0.065
7AW3_S4Z 2021-03-03 269 744 671.27 0.497 0.485 0.081 0.069 0.087 0.087 0.061 0.048 0.58572626 0.21034214 0.124 0.100 0.5879773 0.21220584 0.134 0.113 0.081 0.069 0.061 0.048
5RYL_S7J 2020-11-11 460 716 641.65 0.026 0.018 0.115 0.103 0.010 0.010 0.104 0.066 0.17124677 0.09885634 0.171 0.063 0.11992713 0.05911469 0.120 0.059 0.115 0.05911469 0.104 0.059
6S3A_SFX 2021-01-13 209 704 645.27 0.115 0.108 0.118 0.113 0.106 0.106 0.118 0.113 0.12359404 0.10928589 0.124 0.109 0.13353403 0.11693467 0.134 0.117 0.118 0.113 0.118 0.113
6T3W_SFX 2020-11-18 208 697 639.99 0.081 0.080 0.172 0.168 0.048 0.048 0.080 0.068 0.12880072 0.10273293 0.091 0.071 0.18159568 0.14809023 0.141 0.108 0.172 0.14809023 0.08 0.068
7B1P_SL8 2021-04-28 377 728 643.05 0.092 0.089 0.030 0.016 0.084 0.084 0.020 0.015 0.09859139 0.09435001 0.099 0.080 0.09738782 0.09371755 0.097 0.082 0.03 0.016 0.02 0.015
2BU2_TF1 2006-02-02 359 753 679.49 0.202 0.187 0.347 0.220 0.158 0.158 0.331 0.214 0.50609225 0.1452853 0.102 0.098 0.50590414 0.14360008 0.120 0.101 0.347 0.14360008 0.12 0.101
2BU5_TF1 2006-02-02 356 763 690.36 0.162 0.138 0.359 0.221 0.114 0.114 0.343 0.206 0.5109179 0.11072621 0.091 0.069 0.09403061 0.07069126 0.094 0.071 0.09403061 0.07069126 0.094 0.071
3KW9_TFA 2010-03-02 215 607 547.81 0.115 0.110 1.070 0.090 0.024 0.024 0.266 0.090 1.0139923 0.0114177 0.912 0.011 1.0261246 0.07539802 0.934 0.067 1.0261246 0.07539802 0.266 0.067
2VQJ_TFG 2008-07-08 402 710 637.60 0.635 0.531 0.319 0.172 0.054 0.054 0.218 0.154 0.8164951 0.19513647 0.816 0.173 0.83101875 0.19482867 0.373 0.140 0.319 0.172 0.218 0.14
1CTR_TFP 1994-12-20 142 708 648.73 0.869 0.752 0.913 0.121 0.488 0.488 0.813 0.121 0.7430413 0.15297559 0.417 0.153 0.736266 0.166735 0.425 0.154 0.736266 0.121 0.425 0.121
2Q0M_TFS 2007-12-11 129 697 642.56 0.024 0.024 1.727 0.109 0.013 0.012 0.154 0.012 0.24896692 0.10440569 0.185 0.046 2.0090659 0.07148832 1.725 0.018 1.727 0.07148832 0.154 0.012
6TVL_TFS 2020-04-29 129 744 686.65 0.030 0.023 1.684 0.019 0.015 0.015 1.684 0.019 0.7535632 0.00777234 0.694 0.008 1.672784 0.02251709 1.621 0.012 1.672784 0.019 1.621 0.012
6TXG_TFS 2020-04-29 279 743 671.04 0.025 0.012 3.925 0.164 0.008 0.008 2.055 0.016 1.0034595 0.15182747 0.949 0.055 3.9394233 0.03597011 3.881 0.036 3.925 0.03597011 2.055 0.016
7A7H_TK9 2021-08-04 257 649 577.64 0.156 0.136 0.119 0.112 0.112 0.112 0.053 0.043 0.23491062 0.23195235 0.090 0.083 0.25032756 0.24604297 0.139 0.135 0.119 0.112 0.053 0.043
1ZUA_TOL 2006-11-07 317 722 647.18 0.044 0.042 0.065 0.061 0.028 0.028 0.065 0.061 0.11772996 0.10181757 0.118 0.102 0.11250006 0.10402329 0.113 0.104 0.065 0.061 0.065 0.061
2FZD_TOL 2006-10-03 313 749 675.95 0.066 0.039 0.165 0.137 0.041 0.041 0.165 0.075 0.07722149 0.06741759 0.077 0.065 0.10339781 0.09199373 0.103 0.075 0.10339781 0.09199373 0.103 0.075
2PDL_TOL 2008-04-01 315 703 631.48 0.055 0.037 0.322 0.106 0.057 0.057 0.304 0.089 0.0695085 0.0547962 0.070 0.055 0.06846306 0.06528514 0.068 0.065 0.06846306 0.06528514 0.068 0.065
6KIK_TOL 2019-09-25 275 687 613.61 0.041 0.036 0.447 0.137 0.025 0.025 0.188 0.102 0.42928302 0.17888273 0.195 0.126 0.4323385 0.17934878 0.202 0.151 0.4323385 0.137 0.188 0.102
5BOC_TSJ 2015-06-17 192 677 619.95 0.154 0.148 0.089 0.084 0.032 0.032 0.039 0.028 0.18229577 0.09196527 0.086 0.081 0.29868355 0.19178352 0.195 0.109 0.089 0.084 0.039 0.028
2GG0_U11 2006-06-13 262 750 676.10 0.028 0.025 0.196 0.103 0.037 0.037 0.132 0.085 0.198115 0.15788677 0.198 0.155 0.1948765 0.1558893 0.195 0.148 0.1948765 0.103 0.132 0.085
2GG2_U12 2006-06-13 263 746 676.05 0.021 0.019 0.116 0.083 0.018 0.018 0.090 0.027 0.10954341 0.0791512 0.110 0.079 0.18352771 0.17917328 0.105 0.074 0.116 0.083 0.09 0.027
2GG5_U19 2006-06-13 263 730 657.93 0.028 0.027 0.083 0.069 0.027 0.027 0.033 0.010 0.28925595 0.208346 0.122 0.094 0.2842711 0.20951447 0.119 0.091 0.083 0.069 0.033 0.01
7NEC_U95 2021-06-02 242 751 678.68 0.050 0.045 0.091 0.085 0.055 0.055 0.029 0.010 0.02673374 0.02169557 0.027 0.022 0.03061187 0.02197401 0.031 0.022 0.03061187 0.02197401 0.029 0.01
3ZG2_UDO 2013-09-25 449 723 647.39 0.081 0.078 1.350 0.244 0.068 0.068 1.161 0.197 0.5428792 0.14183982 0.144 0.036 0.8794373 0.11127698 0.824 0.111 0.8794373 0.11127698 0.824 0.111
6WZW_UG7 2021-04-07 221 672 600.68 0.190 0.108 1.129 0.157 0.157 0.157 1.120 0.124 0.12613344 0.11587578 0.126 0.116 1.3801978 0.23753236 1.205 0.165 1.129 0.157 1.12 0.124
4UWK_UJB 2014-11-26 544 755 658.93 0.534 0.516 0.108 0.105 0.034 0.034 0.108 0.103 0.06458246 0.038644 0.065 0.039 0.05823256 0.03780865 0.058 0.038 0.05823256 0.03780865 0.058 0.038
7NP6_UK8 2021-06-02 242 697 627.53 0.049 0.047 0.094 0.085 0.058 0.058 0.033 0.010 0.07328237 0.06868578 0.073 0.069 0.07708238 0.06944267 0.077 0.069 0.07708238 0.06944267 0.033 0.01
7NPC_ULT 2021-06-02 240 702 630.60 0.052 0.046 0.034 0.014 0.046 0.046 0.033 0.011 0.02655032 0.01939343 0.027 0.019 0.03094928 0.02349972 0.031 0.023 0.03094928 0.014 0.031 0.011
6X3N_ULV 2020-07-22 254 816 745.11 0.109 0.102 0.122 0.097 0.111 0.111 0.076 0.051 0.21319695 0.17536147 0.109 0.104 0.21161698 0.17543173 0.089 0.083 0.122 0.097 0.076 0.051
6XRM_V81 2020-09-16 828 822 693.78 2.199 1.814 0.227 0.127 0.114 0.114 0.210 0.126 0.07858466 0.07164193 0.079 0.072 0.07753885 0.07126097 0.078 0.071 0.07753885 0.07126097 0.078 0.071
2VJ7_VG6 2008-01-29 371 733 658.05 0.058 0.057 0.092 0.092 0.020 0.020 0.092 0.092 0.15786673 0.12414762 0.158 0.124 0.15900008 0.12425251 0.159 0.124 0.092 0.092 0.092 0.092
3BGQ_VX2 2007-12-11 273 740 667.78 0.052 0.047 0.079 0.074 0.023 0.023 0.069 0.063 0.72950673 0.07508475 0.374 0.075 0.74070436 0.09152987 0.367 0.092 0.079 0.074 0.069 0.063
7K6A_VYG 2021-03-17 163 612 556.34 0.051 0.046 0.118 0.082 0.042 0.042 0.110 0.050 0.10107388 0.08354089 0.101 0.084 0.09605429 0.07989679 0.096 0.080 0.09605429 0.07989679 0.096 0.05
5MXX_W4A 2017-05-24 361 753 678.03 0.134 0.132 0.024 0.012 0.029 0.029 0.024 0.012 0.14030863 0.12627923 0.072 0.048 0.12521861 0.10421134 0.125 0.104 0.024 0.012 0.024 0.012
2XNP_WCX 2011-03-30 253 794 721.30 0.221 0.215 0.083 0.065 0.124 0.124 0.082 0.065 0.07024564 0.05689993 0.070 0.057 0.08656912 0.05998816 0.087 0.060 0.083 0.05998816 0.082 0.06
2XNM_WGZ 2011-03-30 258 786 712.85 0.218 0.162 0.092 0.045 0.232 0.232 0.061 0.042 0.68310654 0.17847113 0.135 0.074 0.68457794 0.17783093 0.054 0.046 0.092 0.045 0.054 0.042
5RXD_WNP 2020-11-11 460 767 691.50 0.020 0.014 0.602 0.020 0.008 0.008 0.052 0.020 0.56709665 0.09298961 0.411 0.060 0.59693474 0.10590599 0.411 0.100 0.59693474 0.02 0.052 0.02
3ZOV_WZV 2013-05-29 371 701 630.62 0.057 0.054 0.073 0.071 0.071 0.071 0.052 0.042 0.11057378 0.09503604 0.111 0.086 0.12631781 0.11034473 0.126 0.106 0.073 0.071 0.052 0.042
7KYV_XBY 2021-05-19 374 751 667.91 0.053 0.037 0.096 0.094 0.028 0.028 0.036 0.027 0.09164456 0.08314782 0.092 0.083 0.09320953 0.08410777 0.093 0.084 0.09320953 0.08410777 0.036 0.027
5A5I_XI1 2016-08-24 453 746 668.23 0.203 0.180 0.883 0.197 0.170 0.170 0.826 0.163 0.35073408 0.1262724 0.232 0.121 0.34499535 0.1315822 0.308 0.130 0.34499535 0.1315822 0.308 0.13
4UIV_XZB 2015-04-22 101 731 673.44 0.022 0.020 0.065 0.064 0.018 0.018 0.016 0.009 0.23171282 0.18280624 0.064 0.050 0.2331842 0.18034269 0.092 0.084 0.065 0.064 0.016 0.009
5S9A_XZY 2021-02-17 119 637 580.37 0.067 0.032 0.061 0.050 0.033 0.033 0.036 0.016 0.7695249 0.14179881 0.104 0.094 0.7619797 0.14500278 0.059 0.038 0.061 0.05 0.036 0.016
5S91_Y1S 2021-02-17 119 699 642.22 0.120 0.047 0.131 0.126 0.042 0.042 0.084 0.075 0.76644677 0.12586115 0.110 0.068 0.7742472 0.12587215 0.056 0.045 0.131 0.12587215 0.056 0.045
5S97_Y2V 2021-02-17 119 740 682.96 0.087 0.037 0.033 0.015 0.033 0.033 0.033 0.015 0.09069552 0.08397973 0.091 0.084 0.08703464 0.08401315 0.087 0.084 0.033 0.015 0.033 0.015
7MCK_YXD 2021-06-16 263 735 664.02 0.162 0.156 0.088 0.084 0.048 0.048 0.072 0.069 0.5652361 0.31943926 0.083 0.080 0.555077 0.31924358 0.100 0.089 0.088 0.084 0.072 0.069
2DUX_ZST 2006-10-03 315 735 661.24 0.027 0.024 0.081 0.080 0.031 0.031 0.013 0.010 0.06064456 0.05793167 0.061 0.058 0.05951975 0.05634783 0.060 0.056 0.05951975 0.05634783 0.013 0.01
2DUZ_ZST 2006-10-03 315 679 605.26 0.025 0.023 0.082 0.080 0.031 0.031 0.014 0.011 0.040753 0.02854815 0.041 0.029 0.04023043 0.03082726 0.040 0.031 0.04023043 0.03082726 0.014 0.011
2DV0_ZST 2006-10-03 314 699 626.34 0.030 0.027 0.058 0.057 0.028 0.028 0.019 0.013 0.0648009 0.05844539 0.065 0.058 0.06456201 0.05908586 0.065 0.059 0.058 0.057 0.019 0.013
2FZ8_ZST 2006-10-03 315 745 670.80 0.029 0.025 0.082 0.080 0.031 0.031 0.017 0.009 0.06449982 0.05839079 0.064 0.058 0.06341945 0.05780068 0.063 0.058 0.06341945 0.05780068 0.017 0.009
2FZ9_ZST 2006-10-03 315 676 603.24 0.020 0.019 0.082 0.081 0.019 0.019 0.017 0.012 0.04451903 0.03712222 0.045 0.037 0.0620529 0.05862433 0.062 0.059 0.0620529 0.05862433 0.017 0.012
2HV5_ZST 2006-10-03 314 742 668.57 0.023 0.022 0.059 0.057 0.026 0.026 0.022 0.013 0.09393252 0.08512702 0.094 0.068 0.09152552 0.08182775 0.092 0.080 0.059 0.057 0.022 0.013
2HVN_ZST 2006-10-03 315 749 674.47 0.031 0.026 0.082 0.080 0.032 0.032 0.017 0.011 0.03195901 0.01846497 0.032 0.018 0.0355174 0.01884747 0.036 0.019 0.0355174 0.01884747 0.017 0.011
2HVO_ZST 2006-10-03 315 707 632.23 0.027 0.024 0.081 0.080 0.031 0.031 0.017 0.011 0.03911775 0.03036671 0.039 0.030 0.04103947 0.0328216 0.041 0.033 0.04103947 0.0328216 0.017 0.011
1OD1_0QS 2003-06-12 330 681 607.76 0.053 0.051 0.127 0.125 0.041 0.041 0.058 0.057 0.39118427 0.21918634 0.336 0.218 0.48819172 0.28805706 0.338 0.215 0.127 0.125 0.058 0.057
2JJJ_0QS 2008-05-27 328 802 727.87 0.067 0.064 0.121 0.118 0.024 0.024 0.090 0.088 0.40424463 0.23867626 0.279 0.204 0.39420247 0.23460501 0.394 0.233 0.121 0.118 0.09 0.088
1FQ8_2Y4 2000-09-20 329 727 639.34 0.058 0.056 0.084 0.079 0.051 0.051 0.041 0.030 0.16621958 0.1500625 0.158 0.149 0.16974209 0.16005354 0.164 0.148 0.084 0.079 0.041 0.03
2JXR_2Z3 1997-10-29 329 771 696.26 0.050 0.047 0.091 0.089 0.039 0.039 0.035 0.025 0.17496085 0.1336731 0.097 0.076 0.18840653 0.14055628 0.096 0.077 0.091 0.089 0.035 0.025
4RFM_3P6 2015-04-29 249 845 772.80 0.223 0.189 0.090 0.056 0.217 0.217 0.065 0.021 0.04299139 0.0287879 0.043 0.029 0.04195315 0.02446934 0.042 0.024 0.04195315 0.02446934 0.042 0.021
3GDX_4BD 2009-05-05 326 747 644.64 0.587 0.292 0.104 0.052 0.139 0.139 0.066 0.050 0.43123612 0.18200271 0.327 0.182 0.35987136 0.2763613 0.241 0.179 0.104 0.052 0.066 0.05
5CEO_50D 2015-10-14 269 943 869.71 0.117 0.114 0.058 0.016 0.100 0.100 0.040 0.015 0.1751561 0.14288016 0.049 0.033 0.17584538 0.14289153 0.154 0.089 0.058 0.016 0.04 0.015
5F01_5T7 2016-02-24 384 711 637.07 0.087 0.083 0.064 0.061 0.024 0.024 0.062 0.061 0.04608115 0.02784361 0.046 0.028 0.05577367 0.02882591 0.056 0.029 0.05577367 0.02882591 0.056 0.029
5FI8_5Y5 2016-05-18 363 711 633.74 0.076 0.068 0.072 0.066 0.028 0.028 0.032 0.012 0.08846273 0.07626836 0.088 0.076 0.05620722 0.04430608 0.056 0.044 0.05620722 0.04430608 0.032 0.012
3RJH_6CF 2012-01-18 326 704 629.98 0.621 0.317 0.121 0.074 0.148 0.148 0.086 0.074 0.7512647 0.24281006 0.344 0.185 0.7689372 0.21448293 0.333 0.178 0.121 0.074 0.086 0.074
3RJI_6CF 2012-01-18 326 745 672.07 0.575 0.308 0.121 0.075 0.157 0.157 0.083 0.039 0.7702762 0.22523661 0.395 0.196 0.767541 0.2140261 0.309 0.203 0.121 0.075 0.083 0.039
3RJK_6CF 2012-01-18 326 717 641.48 0.588 0.306 0.123 0.073 0.146 0.146 0.086 0.036 0.77198565 0.22973156 0.294 0.171 0.753581 0.24719933 0.430 0.173 0.123 0.073 0.086 0.036
4F5N_6CF 2012-12-12 323 767 693.36 0.150 0.109 0.289 0.220 0.030 0.030 0.283 0.218 0.34222278 0.2562992 0.318 0.180 0.34073004 0.25488237 0.207 0.170 0.289 0.22 0.207 0.17
4F5O_6CF 2012-12-12 321 708 634.21 0.118 0.107 0.313 0.156 0.026 0.026 0.302 0.154 0.45112374 0.33815646 0.347 0.187 0.4559357 0.33974287 0.348 0.167 0.313 0.156 0.302 0.154
4F5Q_6CF 2012-12-12 320 700 626.47 0.513 0.279 0.144 0.119 0.132 0.132 0.087 0.057 0.3300994 0.2377912 0.330 0.181 0.41631186 0.17888775 0.324 0.179 0.144 0.119 0.087 0.057
4GXJ_6CF 2013-01-16 315 698 625.62 0.494 0.255 0.144 0.122 0.123 0.123 0.116 0.104 0.41396397 0.1966557 0.385 0.170 0.44403064 0.18207361 0.354 0.180 0.144 0.122 0.116 0.104
5AKE_6N0 2015-05-13 546 794 695.91 0.133 0.087 0.872 0.118 0.053 0.053 0.871 0.108 0.03431678 0.01405029 0.034 0.014 0.03862146 0.01804863 0.039 0.018 0.03862146 0.01804863 0.039 0.018
5LJ0_6XX 2016-08-31 130 631 571.97 0.025 0.018 0.041 0.032 0.015 0.015 0.041 0.031 0.09755977 0.05166949 0.098 0.052 0.14098623 0.10970492 0.141 0.045 0.041 0.032 0.041 0.031
5LJ1_6XX 2016-08-31 127 706 649.07 0.056 0.048 0.339 0.224 0.040 0.040 0.320 0.221 0.37649417 0.23724525 0.171 0.115 0.37879845 0.23522976 0.167 0.114 0.339 0.224 0.167 0.114
3CWE_825 2008-06-10 285 744 672.77 0.071 0.060 0.144 0.141 0.053 0.053 0.144 0.121 0.33369 0.2130193 0.177 0.139 0.34075728 0.24211241 0.141 0.069 0.144 0.141 0.141 0.069
6UBW_84S 2020-02-12 296 748 674.28 0.721 0.709 0.020 0.015 0.032 0.032 0.020 0.013 0.02769645 0.01960804 0.028 0.020 0.02251396 0.01729471 0.023 0.015 0.02 0.015 0.02 0.013
5NK4_90E 2017-06-07 290 780 704.30 0.081 0.073 0.206 0.189 0.050 0.050 0.082 0.075 0.6093251 0.43992284 0.182 0.169 0.5950974 0.44739345 0.178 0.170 0.206 0.189 0.082 0.075
5V82_96Y 2017-05-10 273 745 672.72 0.053 0.051 0.020 0.011 0.014 0.014 0.020 0.011 0.03112981 0.01355395 0.031 0.014 0.03917763 0.01242961 0.039 0.012 0.02 0.011 0.02 0.011
5ZZT_9NL 2019-06-19 331 724 649.18 0.218 0.194 0.165 0.125 0.185 0.185 0.098 0.030 0.8175806 0.10071296 0.526 0.101 0.81326956 0.09243008 0.548 0.092 0.165 0.09243008 0.098 0.03
6A01_9NO 2019-06-19 333 703 628.24 0.066 0.062 0.157 0.126 0.029 0.029 0.048 0.019 0.8529167 0.14399664 0.504 0.144 0.85127246 0.13956738 0.442 0.140 0.157 0.126 0.048 0.019
6EPR_BQE 2018-10-31 130 706 648.96 0.053 0.031 0.144 0.108 0.038 0.038 0.134 0.098 0.83688927 0.08117865 0.567 0.081 0.8431267 0.07861105 0.570 0.079 0.144 0.07861105 0.134 0.079
6BGW_DKS 2018-03-28 309 726 653.64 0.205 0.198 0.052 0.044 0.011 0.011 0.052 0.043 0.5859305 0.260663 0.358 0.155 0.58389455 0.26164645 0.584 0.118 0.052 0.044 0.052 0.043
6BGX_DKV 2018-03-28 308 726 650.98 0.215 0.207 0.203 0.104 0.017 0.017 0.178 0.101 0.6746307 0.25746214 0.599 0.170 0.6777251 0.25734925 0.597 0.163 0.203 0.104 0.178 0.101
6FQU_E3B 2018-08-29 116 765 706.42 0.048 0.041 0.046 0.038 0.016 0.016 0.046 0.038 0.46136406 0.23500817 0.073 0.051 0.46217844 0.24480443 0.085 0.051 0.046 0.038 0.046 0.038
6FT4_E5W 2018-04-18 127 621 563.74 0.054 0.044 0.020 0.017 0.017 0.017 0.020 0.015 0.19609083 0.10413384 0.087 0.046 0.16819595 0.09804652 0.085 0.048 0.02 0.017 0.02 0.015
3TFR_F3A 2012-03-21 326 709 633.88 0.554 0.287 0.114 0.055 0.146 0.146 0.095 0.055 0.2416342 0.21844809 0.242 0.208 0.23895667 0.21794628 0.133 0.124 0.114 0.055 0.095 0.055
6CQ4_F8P 2018-12-05 604 829 727.97 0.462 0.267 0.080 0.070 0.060 0.060 0.080 0.053 0.3808922 0.12708284 0.345 0.034 0.401289 0.13072895 0.359 0.026 0.08 0.07 0.08 0.026
2EU3_FF3 2006-07-11 256 716 641.68 0.027 0.027 0.314 0.133 0.011 0.011 0.180 0.038 0.18572506 0.14628197 0.186 0.063 0.17204702 0.14567913 0.133 0.064 0.17204702 0.133 0.133 0.038
6CTV_FFJ 2018-06-20 326 711 636.76 0.527 0.289 0.112 0.069 0.155 0.155 0.091 0.039 0.78211844 0.25990185 0.292 0.214 0.3919292 0.24825507 0.227 0.211 0.112 0.069 0.091 0.039
6HDQ_FZE 2018-09-26 123 634 577.64 0.094 0.088 0.084 0.057 0.024 0.024 0.084 0.057 0.15133749 0.10601108 0.151 0.106 0.14546344 0.10540758 0.145 0.105 0.084 0.057 0.084 0.057
6HIE_G7Q 2019-02-20 130 628 571.91 0.047 0.026 0.111 0.104 0.020 0.020 0.049 0.038 0.6540305 0.13714668 0.654 0.133 0.6611553 0.13798936 0.661 0.126 0.111 0.104 0.049 0.038
2EUD_GCQ 2006-03-07 648 795 692.84 0.114 0.081 0.275 0.122 0.156 0.156 0.263 0.122 0.36698574 0.30059913 0.125 0.108 0.36864695 0.29923266 0.145 0.132 0.275 0.122 0.145 0.122
1P62_GEO 2003-07-01 229 714 654.48 0.111 0.107 0.139 0.131 0.027 0.027 0.139 0.131 0.03337953 0.01699346 0.033 0.015 0.03890901 0.01487367 0.039 0.015 0.03890901 0.01487367 0.039 0.015
4PD5_GEO 2014-08-13 403 760 686.41 0.301 0.289 0.024 0.010 0.021 0.021 0.017 0.008 0.06780051 0.03665815 0.068 0.037 0.0630082 0.03940701 0.063 0.038 0.024 0.01 0.017 0.008
2ISO_GFF 2007-01-30 326 741 667.23 0.634 0.320 0.379 0.215 0.161 0.161 0.341 0.135 0.47766834 0.26513785 0.471 0.205 0.47628763 0.2710514 0.469 0.185 0.379 0.215 0.341 0.135
6NL0_GFF 2020-01-08 326 730 655.90 0.583 0.286 0.387 0.211 0.159 0.159 0.357 0.141 0.4395441 0.32491294 0.283 0.164 0.43299702 0.31970942 0.286 0.152 0.387 0.211 0.286 0.141
3MDC_GTF 2010-04-28 312 733 659.76 0.279 0.192 0.081 0.077 0.062 0.062 0.076 0.073 0.8393793 0.21245588 0.345 0.190 0.8353421 0.20055917 0.362 0.194 0.081 0.077 0.076 0.073
6I15_GZT 2019-02-27 484 758 681.28 0.218 0.096 0.087 0.067 0.035 0.035 0.048 0.031 0.08562975 0.05720153 0.086 0.057 0.07727037 0.05490354 0.077 0.055 0.07727037 0.05490354 0.048 0.031
1V48_HA1 2004-08-03 261 746 673.15 1.351 1.276 0.082 0.075 0.050 0.050 0.080 0.075 0.10128798 0.08748724 0.101 0.087 0.10088874 0.08740854 0.101 0.087 0.082 0.075 0.08 0.075
6N0J_K8S 2019-07-10 288 718 644.83 0.030 0.027 0.096 0.090 0.020 0.020 0.040 0.027 0.39407733 0.25913006 0.249 0.107 0.97211885 0.24846387 0.281 0.123 0.096 0.09 0.04 0.027
6N5C_KDJ 2019-08-21 317 736 664.46 0.064 0.061 0.134 0.091 0.029 0.029 0.134 0.072 0.7759399 0.17991912 0.201 0.119 0.7728939 0.18818186 0.184 0.140 0.134 0.091 0.134 0.072
7AUM_KDJ 2021-05-19 167 686 627.80 0.052 0.049 0.171 0.140 0.051 0.051 0.151 0.124 0.34777898 0.13085973 0.348 0.122 0.34662634 0.14198075 0.347 0.142 0.171 0.14 0.151 0.124
3M0J_OAF 2010-06-16 297 724 651.70 0.088 0.071 0.142 0.136 0.050 0.050 0.108 0.101 0.20334068 0.15396734 0.203 0.112 0.20317811 0.15383574 0.203 0.111 0.142 0.136 0.108 0.101
6YIL_OSQ 2020-04-15 113 610 551.32 0.054 0.037 0.026 0.016 0.017 0.017 0.024 0.016 0.33108163 0.22037087 0.042 0.022 0.3972658 0.23143268 0.049 0.022 0.026 0.016 0.024 0.016
1BZJ_PIC 1999-02-16 297 696 623.48 0.041 0.040 0.105 0.095 0.015 0.015 0.102 0.095 0.07239897 0.06158232 0.072 0.062 0.09696187 0.09210465 0.097 0.086 0.09696187 0.09210465 0.097 0.086
7A6D_R1E 2021-06-16 372 751 676.17 0.144 0.113 0.966 0.125 0.145 0.145 0.181 0.034 0.23817627 0.000000 0.063 0.000 0.24288902 0.000000 0.243 0.000 0.24288902 0.0 0.181 0.0
6VLU_R2Y 2020-05-06 236 740 668.85 0.050 0.049 0.040 0.025 0.024 0.024 0.040 0.025 0.04350664 0.02661718 0.044 0.027 0.34570888 0.3353705 0.052 0.032 0.04 0.025 0.04 0.025
7A6D_RGN 2021-06-16 372 684 608.98 0.138 0.113 0.211 0.035 0.031 0.031 0.211 0.034 0.99068636 8.138021 0.300 0.000 0.98317176 8.138021 0.298 0.000 0.211 0.035 0.211 0.0
1BZC_TPI 1999-02-16 297 679 606.90 0.062 0.057 0.118 0.108 0.022 0.022 0.085 0.083 0.11538838 0.10767169 0.115 0.108 0.1235707 0.11921747 0.124 0.119 0.118 0.108 0.085 0.083
6CRB_VA6 2018-07-18 327 696 624.24 0.417 0.213 0.129 0.095 0.112 0.112 0.109 0.073 0.27008116 0.25183588 0.270 0.252 0.52130646 0.26943928 0.198 0.181 0.129 0.095 0.109 0.073
6CTO_VT7 2018-06-20 326 741 665.50 0.549 0.271 0.127 0.103 0.142 0.142 0.102 0.072 0.79372567 0.2125847 0.261 0.184 0.7918346 0.21086179 0.359 0.197 0.127 0.103 0.102 0.072
3EQ7_X99 2009-08-25 707 781 678.97 0.036 0.032 0.198 0.189 0.025 0.025 0.126 0.100 0.08876902 0.05446395 0.089 0.054 0.18224742 0.16804509 0.100 0.066 0.18224742 0.16804509 0.1 0.066
2Y2F_YI1 2011-03-16 282 691 619.75 0.033 0.032 0.114 0.108 0.019 0.019 0.090 0.083 0.23571466 0.09337367 0.104 0.080 0.21771201 0.06777858 0.150 0.068 0.114 0.06777858 0.09 0.068
